frequency	alpha	beta
10000000	0.034806	0.321358
32002400.48	0.047904	0.983678
54004800.96	0.063587	1.622077
76007201.44	0.077857	2.264194
98009601.92	0.090684	2.909512
120012002.4	0.101552	3.553834
142014402.9	0.113348	4.196099
164016803.4	0.118909	4.841298
186019203.8	0.12752	5.481048
208021604.3	0.132731	6.121687
230024004.8	0.139556	6.758509
252026405.3	0.148067	7.398119
274028805.8	0.160675	8.037966
296031206.2	0.173132	8.676015
318033606.7	0.177609	9.315045
340036007.2	0.185351	9.955566
362038407.7	0.18887	10.59233
384040808.2	0.196141	11.228395
406043208.6	0.203776	11.864023
428045609.1	0.212608	12.500927
450048009.6	0.220623	13.139595
472050410.1	0.227607	13.778263
494052810.6	0.228958	14.417407
516055211	0.235742	15.053244
538057611.5	0.243253	15.688267
560060012	0.250336	16.324752
582062412.5	0.255908	16.961355
604064813	0.261273	17.598149
626067213.4	0.264294	18.233078
648069613.9	0.26897	18.868406
670072014.4	0.274404	19.500941
692074414.9	0.279839	20.135068
714076815.4	0.287399	20.769352
736079215.8	0.293953	21.404614
758081616.3	0.298492	22.041807
780084016.8	0.302488	22.677571
802086417.3	0.306357	23.310554
824088817.8	0.310691	23.944304
846091218.2	0.316368	24.57807
868093618.7	0.321541	25.21202
890096019.2	0.327467	25.848596
912098419.7	0.331781	26.484309
934100820.2	0.341842	27.117663
956103220.6	0.340868	27.745506
978105621.1	0.344548	28.380436
1000108022	0.349048	29.015659
1022110422	0.354075	29.649752
1044112823	0.357193	30.285308
1066115223	0.360762	30.920596
1088117624	0.363683	31.553863
1110120024	0.369119	32.184859
1132122424	0.373596	32.819111
1154124825	0.379616	33.452952
1176127225	0.38312	34.088094
1198129626	0.387662	34.722326
1220132026	0.39131	35.357371
1242134427	0.392257	35.990932
1264136827	0.397352	36.623075
1286139228	0.401623	37.256721
1308141628	0.407287	37.890132
1330144029	0.410988	38.525719
1352146429	0.415748	39.161159
1374148830	0.421812	39.797255
1396151230	0.4334	40.433237
1418153631	0.440106	41.06922
1440156031	0.435335	41.703823
1462158432	0.435957	42.340121
1484160832	0.439921	42.974741
1506163233	0.441265	43.608923
1528165633	0.445104	44.242165
1550168034	0.446902	44.875138
1572170434	0.453054	45.509269
1594172835	0.456498	46.141706
1616175235	0.461599	46.776792
1638177636	0.464256	47.411129
1660180036	0.468295	48.046175
1682182436	0.469652	48.677926
1704184837	0.473087	49.311597
1726187237	0.477152	49.942794
1748189638	0.483152	50.576915
1770192038	0.486095	51.211617
1792194439	0.489744	51.84679
1814196839	0.494715	52.483093
1836199240	0.499682	53.12001
1858201640	0.51159	53.758325
1880204041	0.538692	54.372327
1902206441	0.520605	54.988727
1924208842	0.515714	55.62782
1946211242	0.516305	56.263116
1968213643	0.517818	56.898121
1990216043	0.52126	57.530105
2012218444	0.523832	58.163585
2034220844	0.52944	58.796843
2056223245	0.532977	59.430683
2078225645	0.53492	60.066681
2100228046	0.536993	60.698324
2122230446	0.540603	61.331851
2144232847	0.544359	61.961677
2166235247	0.546445	62.596547
2188237648	0.552194	63.227317
2210240048	0.555517	63.861194
2232242448	0.560043	64.494975
2254244849	0.561294	65.129009
2276247249	0.563629	65.759936
2298249650	0.566996	66.392587
2320252050	0.571777	67.025904
2342254451	0.575894	67.657248
2364256851	0.579421	68.288591
2386259252	0.581073	68.921484
2408261652	0.584497	69.554918
2430264053	0.585842	70.18676
2452266453	0.591942	70.81842
2474268854	0.594443	71.451605
2496271254	0.599497	72.084979
2518273655	0.601589	72.718619
2540276055	0.605316	73.352508
2562278456	0.606259	73.981966
2584280856	0.609763	74.615554
2606283257	0.61236	75.246353
2628285657	0.618314	75.880474
2650288058	0.624004	76.510736
2672290458	0.624303	77.146126
2694292859	0.627585	77.78025
2716295259	0.630094	78.414118
2738297660	0.633329	79.046499
2760300060	0.63937	79.679901
2782302460	0.646175	80.315997
2804304861	0.659932	80.949326
2826307261	0.671074	81.565396
2848309662	0.660465	82.188967
2870312062	0.655208	82.823692
2892314463	0.659402	83.455835
2914316863	0.65952	84.092594
2936319264	0.661457	84.727542
2958321664	0.66512	85.360233
2980324065	0.667992	85.992543
3002326465	0.670494	86.625801
3024328866	0.67252	87.257073
3046331266	0.67589	87.889636
3068333667	0.680298	88.522335
3090336067	0.682828	89.15625
3112338468	0.685609	89.78883
3134340868	0.689136	90.422785
3156343269	0.692398	91.054356
3178345669	0.696384	91.687106
3200348070	0.699389	92.321894
3222350470	0.704818	92.956616
3244352871	0.710356	93.592194
3266355271	0.722066	94.228794
3288357672	0.745139	94.850517
3310360072	0.742661	95.47224
3332362472	0.72845	96.10073
3354364873	0.725001	96.736514
3376367273	0.725518	97.370773
3398369674	0.728035	98.004955
3420372074	0.7278	98.637911
3442374475	0.731826	99.270875
3464376875	0.733691	99.903353
3486379276	0.735806	100.535736
3508381676	0.741137	101.168099
3530384077	0.741054	101.801239
3552386477	0.744631	102.434156
3574388878	0.746904	103.065591
3596391278	0.750932	103.699109
3618393679	0.753883	104.329922
3640396079	0.757616	104.962029
3662398480	0.760652	105.594437
3684400880	0.763456	106.226707
3706403281	0.767452	106.860666
3728405681	0.770431	107.492604
3750408082	0.778187	108.126405
3772410482	0.785956	108.75074
3794412883	0.784624	109.378533
3816415283	0.783946	110.011455
3838417684	0.784896	110.64294
3860420084	0.788609	111.275342
3882422484	0.789318	111.90717
3904424885	0.792899	112.540062
3926427285	0.795648	113.171246
3948429686	0.798851	113.803962
3970432086	0.80248	114.4358
3992434487	0.803343	115.067865
4014436887	0.806754	115.698903
4036439288	0.809342	116.330506
4058441688	0.811288	116.963973
4080444089	0.814386	117.59443
4102446489	0.816555	118.22732
4124448890	0.820971	118.859168
4146451290	0.823212	119.492054
4168453691	0.825718	120.122505
4190456091	0.828717	120.754123
4212458492	0.831707	121.386288
4234460892	0.835529	122.018425
4256463293	0.839112	122.650562
4278465693	0.839269	123.282059
4300468094	0.842109	123.911938
4322470494	0.845237	124.544932
4344472895	0.84875	125.177186
4366475295	0.850699	125.810081
4388477696	0.853605	126.441508
4410480096	0.855713	127.074388
4432482496	0.858547	127.706293
4454484897	0.860118	128.338138
4476487297	0.863857	128.974092
4498489698	0.866609	129.607314
4520492098	0.870163	130.239773
4542494499	0.874506	130.870755
4564496899	0.879841	131.505591
4586499300	0.882656	132.138758
4608501700	0.88778	132.774472
4630504101	0.89491	133.411764
4652506501	0.905125	134.048691
4674508902	0.924696	134.686843
4696511302	0.954367	135.312101
4718513703	0.973068	135.90349
4740516103	0.949199	136.50582
4762518504	0.927912	137.139098
4784520904	0.921127	137.777508
4806523305	0.917561	138.414526
4828525705	0.917272	139.051546
4850528106	0.918002	139.688766
4872530506	0.918282	140.324282
4894532907	0.921631	140.955848
4916535307	0.924294	141.589837
4938537708	0.927354	142.224073
4960540108	0.929135	142.857644
4982542509	0.933287	143.492161
5004544909	0.935088	144.126428
5026547309	0.939444	144.761084
5048549710	0.941884	145.394603
5070552110	0.947014	146.030348
5092554511	0.952241	146.666186
5114556911	0.959711	147.301682
5136559312	0.969403	147.938826
5158561712	0.990313	148.574685
5180564113	1.014722	149.184692
5202566513	1.008504	149.794699
5224568914	0.986179	150.42197
5246571314	0.977853	151.057131
5268573715	0.9744	151.693383
5290576115	0.972369	152.33139
5312578516	0.97409	152.965149
5334580916	0.976134	153.599711
5356583317	0.976873	154.235552
5378585717	0.980177	154.865193
5400588118	0.982791	155.499039
5422590518	0.985274	156.132665
5444592919	0.986709	156.765014
5466595319	0.989461	157.398487
5488597720	0.992309	158.031113
5510600120	0.996591	158.662505
5532602521	0.998531	159.296555
5554604921	1.001498	159.924903
5576607321	1.005778	160.558552
5598609722	1.009926	161.192037
5620612122	1.016731	161.824866
5642614523	1.02539	162.456494
5664616923	1.032626	163.072318
5686619324	1.028616	163.696973
5708621724	1.023609	164.328901
5730624125	1.022839	164.961721
5752626525	1.023868	165.593527
5774628926	1.024018	166.227215
5796631326	1.028183	166.858786
5818633727	1.029148	167.490688
5840636127	1.032499	168.122923
5862638528	1.035312	168.753792
5884640928	1.037623	169.3854
5906643329	1.039591	170.0173
5928645729	1.044535	170.6489
5950648130	1.047897	171.279299
5972650530	1.049543	171.910116
5994652931	1.049052	172.543642
6016655331	1.053293	173.173122
6038657732	1.055336	173.806171
6060660132	1.058445	174.437628
6082662533	1.063392	175.068502
6104664933	1.069996	175.702362
6126667333	1.074765	176.329115
6148669734	1.076526	176.955869
6170672134	1.075583	177.58569
6192674535	1.075889	178.218392
6214676935	1.07817	178.850434
6236679336	1.079608	179.482784
6258681736	1.082935	180.114967
6280684137	1.08474	180.747472
6302686537	1.08717	181.380016
6324688938	1.091852	182.011764
6346691338	1.09493	182.643359
6368693739	1.09786	183.273258
6390696139	1.099288	183.903042
6412698540	1.100293	184.536324
6434700940	1.103533	185.16888
6456703341	1.105284	185.801764
6478705741	1.110034	186.43516
6500708142	1.112945	187.068231
6522710542	1.116334	187.70601
6544712943	1.125605	188.337439
6566715343	1.137464	188.971547
6588717744	1.154966	189.598027
6610720144	1.163545	190.207953
6632722545	1.153279	190.825098
6654724945	1.143979	191.455665
6676727345	1.140106	192.088655
6698729746	1.138526	192.723805
6720732146	1.139042	193.357702
6742734547	1.140167	193.990866
6764736947	1.143736	194.62345
6786739348	1.146002	195.255664
6808741748	1.149488	195.886088
6830744149	1.148949	196.519192
6852746549	1.150996	197.149203
6874748950	1.153278	197.783399
6896751350	1.155105	198.418468
6918753751	1.159188	199.049598
6940756151	1.16181	199.684416
6962758552	1.165481	200.318279
6984760952	1.17165	200.948406
7006763353	1.177799	201.583347
7028765753	1.184577	202.219244
7050768154	1.199896	202.84727
7072770554	1.21554	203.46687
7094772955	1.212134	204.08647
7116775355	1.201916	204.711259
7138777756	1.197178	205.342709
7160780156	1.194098	205.976712
7182782557	1.195695	206.607443
7204784957	1.19505	207.243558
7226787357	1.197048	207.876493
7248789758	1.198918	208.509041
7270792158	1.201618	209.138757
7292794559	1.202957	209.772015
7314796959	1.204263	210.40793
7336799360	1.208194	211.038734
7358801760	1.208134	211.674857
7380804161	1.210797	212.307289
7402806561	1.21542	212.939993
7424808962	1.21818	213.574386
7446811362	1.220887	214.207408
7468813763	1.22655	214.841547
7490816163	1.233989	215.473554
7512818564	1.241721	216.108666
7534820964	1.256024	216.735549
7556823365	1.262421	217.351642
7578825765	1.25558	217.971553
7600828166	1.250228	218.601395
7622830566	1.246036	219.236274
7644832967	1.247835	219.870084
7666835367	1.248176	220.500694
7688837768	1.250029	221.130076
7710840168	1.248915	221.765973
7732842569	1.249849	222.399577
7754844969	1.251186	223.03185
7776847369	1.253448	223.665505
7798849770	1.256563	224.297943
7820852170	1.257745	224.930018
7842854571	1.260788	225.564584
7864856971	1.263594	226.196466
7886859372	1.266013	226.830523
7908861772	1.270477	227.463734
7930864173	1.273774	228.096888
7952866573	1.280193	228.728322
7974868974	1.285026	229.360596
7996871374	1.295322	229.98804
8018873775	1.303447	230.615535
8040876175	1.306466	231.24303
8062878576	1.30103	231.872324
8084880976	1.29754	232.501871
8106883377	1.297202	233.133878
8128885777	1.298332	233.763776
8150888178	1.298126	234.396405
8172890578	1.297945	235.03191
8194892979	1.300662	235.662998
8216895379	1.302996	236.296013
8238897780	1.304465	236.928686
8260900180	1.306128	237.565538
8282902581	1.308357	238.19828
8304904981	1.311934	238.831123
8326907381	1.31489	239.465351
8348909782	1.319351	240.097547
8370912182	1.325367	240.731467
8392914583	1.329681	241.366808
8414916983	1.336059	242.004463
8436919384	1.346254	242.639883
8458921784	1.364008	243.27362
8480924185	1.389734	243.893235
8502926585	1.402201	244.496627
8524928986	1.391449	245.102935
8546931386	1.37355	245.73028
8568933787	1.364353	246.361186
8590936187	1.358679	246.995158
8612938588	1.356619	247.631016
8634940988	1.352831	248.268927
8656943389	1.356098	248.900915
8678945789	1.35745	249.53507
8700948190	1.357678	250.171762
8722950590	1.361041	250.80197
8744952991	1.362924	251.436622
8766955391	1.36582	252.067081
8788957792	1.367269	252.70018
8810960192	1.36973	253.333846
8832962593	1.372208	253.969111
8854964993	1.374836	254.605895
8876967393	1.379649	255.241039
8898969794	1.387213	255.875632
8920972194	1.398265	256.50705
8942974595	1.414074	257.137935
8964976995	1.426735	257.754533
8986979396	1.427621	258.371132
9008981796	1.414682	258.996505
9030984197	1.408236	259.62376
9052986597	1.401835	260.259359
9074988998	1.401014	260.891694
9096991398	1.399401	261.527932
9118993799	1.402783	262.158536
9140996199	1.403512	262.791283
9162998600	1.404193	263.424057
9185001000	1.406378	264.056689
9207003401	1.406552	264.691935
9229005801	1.409137	265.3247
9251008202	1.413228	265.953726
9273010602	1.416526	266.585714
9295013003	1.418373	267.217942
9317015403	1.419044	267.85372
9339017804	1.423634	268.48496
9361020204	1.42744	269.115634
9383022605	1.429949	269.745216
9405025005	1.432034	270.376773
9427027405	1.435245	271.006083
9449029806	1.439778	271.633536
9471032206	1.439414	272.265106
9493034607	1.440964	272.895946
9515037007	1.441682	273.52661
9537039408	1.442298	274.157979
9559041808	1.44523	274.789861
9581044209	1.44607	275.420141
9603046609	1.449112	276.05
9625049010	1.450544	276.683962
9647051410	1.453883	277.315745
9669053811	1.456331	277.947145
9691056211	1.458557	278.577669
9713058612	1.460793	279.209027
9735061012	1.464553	279.840813
9757063413	1.466249	280.471766
9779065813	1.470869	281.102018
9801068214	1.471972	281.7307
9823070614	1.473477	282.361581
9845073015	1.47567	282.990796
9867075415	1.477391	283.624734
9889077816	1.480283	284.255346
9911080216	1.483873	284.88551
9933082617	1.485099	285.515675
9955085017	1.486302	286.145243
9977087417	1.48699	286.775882
9999089818	1.488965	287.407645
1.002109222e+10	1.490699	288.039725
1.004309462e+10	1.493369	288.671436
1.006509702e+10	1.496034	289.30253
1.008709942e+10	1.498174	289.933432
1.010910182e+10	1.501273	290.56519
1.013110422e+10	1.505507	291.193913
1.015310662e+10	1.507276	291.829069
1.017510902e+10	1.510523	292.458718
1.019711142e+10	1.515724	293.090852
1.021911382e+10	1.518555	293.721493
1.024111622e+10	1.519126	294.350393
1.026311862e+10	1.520068	294.982893
1.028512102e+10	1.522862	295.61391
1.030712342e+10	1.526069	296.245353
1.032912583e+10	1.528615	296.876895
1.035112823e+10	1.531787	297.50702
1.037313063e+10	1.535672	298.136436
1.039513303e+10	1.537618	298.763409
1.041713543e+10	1.537979	299.393299
1.043913783e+10	1.541615	300.019792
1.046114023e+10	1.539647	300.654298
1.048314263e+10	1.540941	301.286571
1.050514503e+10	1.543502	301.920276
1.052714743e+10	1.545202	302.552233
1.054914983e+10	1.547875	303.185044
1.057115223e+10	1.551013	303.816834
1.059315463e+10	1.552631	304.448434
1.061515703e+10	1.555736	305.081266
1.063715943e+10	1.558771	305.711585
1.065916183e+10	1.562135	306.341344
1.068116423e+10	1.56374	306.970894
1.070316663e+10	1.563917	307.605381
1.072516903e+10	1.56473	308.235984
1.074717143e+10	1.569009	308.8686
1.076917383e+10	1.571226	309.499496
1.079117624e+10	1.573847	310.130992
1.081317864e+10	1.577353	310.763465
1.083518104e+10	1.581856	311.39469
1.085718344e+10	1.585216	312.022452
1.087918584e+10	1.587352	312.650214
1.090118824e+10	1.586613	313.279628
1.092319064e+10	1.588219	313.909692
1.094519304e+10	1.588558	314.540826
1.096719544e+10	1.589162	315.17252
1.098919784e+10	1.591738	315.805448
1.101120024e+10	1.594316	316.43626
1.103320264e+10	1.59744	317.066879
1.105520504e+10	1.601778	317.698394
1.107720744e+10	1.60443	318.326472
1.109920984e+10	1.606275	318.954438
1.112121224e+10	1.607631	319.585836
1.114321464e+10	1.607905	320.214382
1.116521704e+10	1.610058	320.846104
1.118721944e+10	1.610423	321.477906
1.120922184e+10	1.615672	322.109087
1.123122424e+10	1.615896	322.739745
1.125322665e+10	1.619779	323.371885
1.127522905e+10	1.624338	324.003844
1.129723145e+10	1.629674	324.631317
1.131923385e+10	1.632473	325.263053
1.134123625e+10	1.636505	325.890598
1.136323865e+10	1.636796	326.517748
1.138524105e+10	1.636654	327.147552
1.140724345e+10	1.638065	327.777287
1.142924585e+10	1.638077	328.409558
1.145124825e+10	1.641417	329.039653
1.147325065e+10	1.646336	329.666121
1.149525305e+10	1.646922	330.299733
1.151725545e+10	1.648159	330.928601
1.153925785e+10	1.649626	331.559787
1.156126025e+10	1.651124	332.191474
1.158326265e+10	1.652937	332.823634
1.160526505e+10	1.652834	333.456831
1.162726745e+10	1.659258	334.086049
1.164926985e+10	1.659456	334.721566
1.167127225e+10	1.661417	335.355387
1.169327465e+10	1.663953	335.986415
1.171527706e+10	1.665606	336.620075
1.173727946e+10	1.667747	337.25222
1.175928186e+10	1.671495	337.884891
1.178128426e+10	1.673013	338.517414
1.180328666e+10	1.675916	339.149507
1.182528906e+10	1.680768	339.7816
1.184729146e+10	1.682924	340.414237
1.186929386e+10	1.687078	341.044053
1.189129626e+10	1.692244	341.676049
1.191329866e+10	1.694449	342.30593
1.193530106e+10	1.695667	342.934431
1.195730346e+10	1.695602	343.566147
1.197930586e+10	1.695022	344.198208
1.200130826e+10	1.696056	344.831664
1.202331066e+10	1.698633	345.464688
1.204531306e+10	1.7006	346.097667
1.206731546e+10	1.700177	346.7298
1.208931786e+10	1.701804	347.363547
1.211132026e+10	1.703671	347.997162
1.213332266e+10	1.706243	348.628662
1.215532507e+10	1.707944	349.26219
1.217732747e+10	1.710846	349.895043
1.219932987e+10	1.712973	350.527522
1.222133227e+10	1.717834	351.1619
1.224333467e+10	1.724212	351.794688
1.226533707e+10	1.730266	352.423391
1.228733947e+10	1.733623	353.051394
1.230934187e+10	1.736438	353.678979
1.233134427e+10	1.735748	354.306386
1.235334667e+10	1.735772	354.934702
1.237534907e+10	1.73369	355.566807
1.239735147e+10	1.733347	356.197184
1.241935387e+10	1.733751	356.828495
1.244135627e+10	1.733829	357.460116
1.246335867e+10	1.735967	358.092688
1.248536107e+10	1.737044	358.724796
1.250736347e+10	1.737967	359.355
1.252936587e+10	1.739972	359.987922
1.255136827e+10	1.742807	360.618498
1.257337067e+10	1.746557	361.247805
1.259537307e+10	1.748771	361.879434
1.261737548e+10	1.751409	362.513132
1.263937788e+10	1.753146	363.143474
1.266138028e+10	1.755695	363.774766
1.268338268e+10	1.763061	364.405656
1.270538508e+10	1.765144	365.038288
1.272738748e+10	1.771367	365.667742
1.274938988e+10	1.777031	366.293362
1.277139228e+10	1.779492	366.918981
1.279339468e+10	1.777526	367.547549
1.281539708e+10	1.777577	368.174792
1.283739948e+10	1.777112	368.804308
1.285940188e+10	1.776213	369.438433
1.288140428e+10	1.776874	370.070402
1.290340668e+10	1.778207	370.702277
1.292540908e+10	1.780882	371.330057
1.294741148e+10	1.782651	371.961019
1.296941388e+10	1.785597	372.5931
1.299141628e+10	1.786603	373.22715
1.301341868e+10	1.78852	373.85848
1.303542108e+10	1.791118	374.486938
1.305742348e+10	1.793792	375.11976
1.307942589e+10	1.79772	375.751106
1.310142829e+10	1.796389	376.385039
1.312343069e+10	1.799674	377.018148
1.314543309e+10	1.805411	377.648243
1.316743549e+10	1.80935	378.279114
1.318943789e+10	1.813446	378.909461
1.321144029e+10	1.815431	379.540671
1.323344269e+10	1.817474	380.170018
1.325544509e+10	1.819396	380.795942
1.327744749e+10	1.816792	381.427707
1.329944989e+10	1.818122	382.060627
1.332145229e+10	1.819434	382.692456
1.334345469e+10	1.819817	383.322839
1.336545709e+10	1.820573	383.955368
1.338745949e+10	1.825159	384.584399
1.340946189e+10	1.826666	385.217408
1.343146429e+10	1.826629	385.851884
1.345346669e+10	1.828322	386.484515
1.347546909e+10	1.83155	387.11541
1.349747149e+10	1.836701	387.744161
1.351947389e+10	1.838959	388.376414
1.354147630e+10	1.83974	389.008626
1.356347870e+10	1.841437	389.639658
1.358548110e+10	1.843417	390.272346
1.360748350e+10	1.847162	390.902362
1.362948590e+10	1.851042	391.529594
1.365148830e+10	1.84977	392.164104
1.367349070e+10	1.853003	392.791536
1.369549310e+10	1.853269	393.42542
1.371749550e+10	1.853155	394.059303
1.373949790e+10	1.856274	394.688558
1.376150030e+10	1.857807	395.320819
1.378350270e+10	1.860289	395.953408
1.380550510e+10	1.8599	396.587378
1.382750750e+10	1.86213	397.219143
1.384950990e+10	1.864782	397.849479
1.387151230e+10	1.867776	398.480604
1.389351470e+10	1.868926	399.113998
1.391551710e+10	1.872088	399.746281
1.393751950e+10	1.875759	400.378315
1.395952190e+10	1.879908	401.012266
1.398152430e+10	1.884272	401.645603
1.400352671e+10	1.888531	402.275628
1.402552911e+10	1.892239	402.906892
1.404753151e+10	1.896659	403.539726
1.406953391e+10	1.901234	404.166754
1.409153631e+10	1.902987	404.797134
1.411353871e+10	1.90719	405.430396
1.413554111e+10	1.910535	406.063432
1.415754351e+10	1.915552	406.692672
1.417954591e+10	1.922592	407.315919
1.420154831e+10	1.920449	407.944785
1.422355071e+10	1.917743	408.573657
1.424555311e+10	1.915596	409.204929
1.426755551e+10	1.917674	409.837488
1.428955791e+10	1.918498	410.469527
1.431156031e+10	1.918835	411.101132
1.433356271e+10	1.922517	411.729731
1.435556511e+10	1.923123	412.366342
1.437756751e+10	1.924411	412.99964
1.439956991e+10	1.927036	413.627088
1.442157231e+10	1.928233	414.263623
1.444357471e+10	1.93074	414.896826
1.446557712e+10	1.933174	415.529397
1.448757952e+10	1.935829	416.159959
1.450958192e+10	1.940303	416.789772
1.453158432e+10	1.940548	417.422186
1.455358672e+10	1.941979	418.053559
1.457558912e+10	1.941756	418.688783
1.459759152e+10	1.945724	419.323129
1.461959392e+10	1.950676	419.951724
1.464159632e+10	1.954179	420.581031
1.466359872e+10	1.954713	421.210337
1.468560112e+10	1.953853	421.838928
1.470760352e+10	1.955816	422.46816
1.472960592e+10	1.956652	423.100359
1.475160832e+10	1.956909	423.732966
1.477361072e+10	1.959024	424.365169
1.479561312e+10	1.960804	424.997232
1.481761552e+10	1.963484	425.629278
1.483961792e+10	1.966814	426.261353
1.486162032e+10	1.969455	426.892626
1.488362272e+10	1.9729	427.522045
1.490562513e+10	1.974251	428.152911
1.492762753e+10	1.97439	428.781672
1.494962993e+10	1.975322	429.41092
1.497163233e+10	1.977333	430.044552
1.499363473e+10	1.979089	430.675974
1.501563713e+10	1.982631	431.309323
1.503763953e+10	1.985273	431.940947
1.505964193e+10	1.989285	432.572688
1.508164433e+10	1.992333	433.20158
1.510364673e+10	1.997446	433.831942
1.512564913e+10	1.999622	434.460693
1.514765153e+10	1.998447	435.091584
1.516965393e+10	1.999885	435.718839
1.519165633e+10	2.000589	436.349526
1.521365873e+10	2.000319	436.982637
1.523566113e+10	2.003056	437.61246
1.525766353e+10	2.004249	438.243531
1.527966593e+10	2.007894	438.874625
1.530166833e+10	2.010756	439.503663
1.532367073e+10	2.013395	440.132221
1.534567313e+10	2.015845	440.76303
1.536767554e+10	2.016963	441.392725
1.538967794e+10	2.018526	442.023361
1.541168034e+10	2.021007	442.655239
1.543368274e+10	2.020466	443.287736
1.545568514e+10	2.022003	443.924102
1.547768754e+10	2.02593	444.553755
1.549968994e+10	2.027795	445.187685
1.552169234e+10	2.030937	445.818954
1.554369474e+10	2.033218	446.453426
1.556569714e+10	2.036675	447.086612
1.558769954e+10	2.039273	447.718257
1.560970194e+10	2.040046	448.349902
1.563170434e+10	2.041337	448.982789
1.565370674e+10	2.045861	449.616382
1.567570914e+10	2.048586	450.248528
1.569771154e+10	2.052324	450.879522
1.571971394e+10	2.055375	451.512091
1.574171634e+10	2.059048	452.144836
1.576371874e+10	2.062583	452.775719
1.578572114e+10	2.06673	453.408412
1.580772354e+10	2.068912	454.041752
1.582972595e+10	2.069719	454.675292
1.585172835e+10	2.072383	455.310849
1.587373075e+10	2.074567	455.945475
1.589573315e+10	2.079372	456.58185
1.591773555e+10	2.08376	457.215301
1.593973795e+10	2.086508	457.851688
1.596174035e+10	2.093191	458.487671
1.598374275e+10	2.101387	459.123251
1.600574515e+10	2.11405	459.760061
1.602774755e+10	2.129887	460.389426
1.604974995e+10	2.145153	461.009586
1.607175235e+10	2.152533	461.624699
1.609375475e+10	2.148204	462.240761
1.611575715e+10	2.140093	462.862631
1.613775955e+10	2.132379	463.491111
1.615976195e+10	2.127123	464.125273
1.618176435e+10	2.120679	464.760856
1.620376675e+10	2.119309	465.390806
1.622576915e+10	2.118174	466.024744
1.624777155e+10	2.114702	466.657038
1.626977395e+10	2.113615	467.293176
1.629177636e+10	2.111466	467.932237
1.631377876e+10	2.113693	468.56457
1.633578116e+10	2.114935	469.199206
1.635778356e+10	2.115104	469.833472
1.637978596e+10	2.116416	470.472768
1.640178836e+10	2.120214	471.103824
1.642379076e+10	2.123756	471.737724
1.644579316e+10	2.127398	472.376205
1.646779556e+10	2.133391	473.009652
1.648979796e+10	2.1415	473.641873
1.651180036e+10	2.151451	474.266412
1.653380276e+10	2.159044	474.892064
1.655580516e+10	2.15896	475.517716
1.657780756e+10	2.159545	476.142527
1.659980996e+10	2.155698	476.769968
1.662181236e+10	2.149584	477.402479
1.664381476e+10	2.150151	478.030118
1.666581716e+10	2.147103	478.662186
1.668781956e+10	2.146735	479.295908
1.670982196e+10	2.146099	479.927464
1.673182436e+10	2.145911	480.558174
1.675382677e+10	2.145501	481.190826
1.677582917e+10	2.145881	481.824721
1.679783157e+10	2.147846	482.456286
1.681983397e+10	2.146722	483.091256
1.684183637e+10	2.151856	483.722221
1.686383877e+10	2.154445	484.353595
1.688584117e+10	2.157929	484.985715
1.690784357e+10	2.159534	485.617367
1.692984597e+10	2.161991	486.252467
1.695184837e+10	2.165015	486.882084
1.697385077e+10	2.170338	487.513343
1.699585317e+10	2.172189	488.147679
1.701785557e+10	2.174899	488.775116
1.703985797e+10	2.176596	489.40057
1.706186037e+10	2.177705	490.029976
1.708386277e+10	2.1783	490.661473
1.710586517e+10	2.179007	491.292248
1.712786757e+10	2.177291	491.925765
1.714986997e+10	2.179834	492.555433
1.717187237e+10	2.18222	493.187518
1.719387477e+10	2.184748	493.819322
1.721587718e+10	2.186876	494.452012
1.723787958e+10	2.188742	495.083764
1.725988198e+10	2.191019	495.715706
1.728188438e+10	2.193081	496.350236
1.730388678e+10	2.196565	496.980274
1.732588918e+10	2.197635	497.615263
1.734789158e+10	2.202533	498.243526
1.736989398e+10	2.205274	498.876256
1.739189638e+10	2.208659	499.509365
1.741389878e+10	2.211941	500.140598
1.743590118e+10	2.217246	500.770593
1.745790358e+10	2.222727	501.400949
1.747990598e+10	2.22467	502.029592
1.750190838e+10	2.226626	502.658235
1.752391078e+10	2.22537	503.287567
1.754591318e+10	2.224388	503.917676
1.756791558e+10	2.223463	504.549557
1.758991798e+10	2.223898	505.1824
1.761192038e+10	2.225085	505.817291
1.763392278e+10	2.226366	506.447718
1.765592519e+10	2.226931	507.080518
1.767792759e+10	2.229933	507.714107
1.769992999e+10	2.232075	508.346844
1.772193239e+10	2.233958	508.977457
1.774393479e+10	2.235072	509.611552
1.776593719e+10	2.238571	510.246393
1.778793959e+10	2.238706	510.881424
1.780994199e+10	2.244976	511.509229
1.783194439e+10	2.245714	512.140668
1.785394679e+10	2.250228	512.772181
1.787594919e+10	2.254783	513.403313
1.789795159e+10	2.258387	514.034149
1.791995399e+10	2.260131	514.662058
1.794195639e+10	2.26292	515.293778
1.796395879e+10	2.263254	515.923665
1.798596119e+10	2.26466	516.555592
1.800796359e+10	2.265562	517.187303
1.802996599e+10	2.264926	517.81819
1.805196839e+10	2.266311	518.451996
1.807397079e+10	2.268917	519.084972
1.809597319e+10	2.269654	519.72001
1.811797560e+10	2.271189	520.35192
1.813997800e+10	2.273015	520.985244
1.816198040e+10	2.276115	521.619344
1.818398280e+10	2.278123	522.249904
1.820598520e+10	2.281898	522.88254
1.822798760e+10	2.284307	523.516597
1.824999000e+10	2.289988	524.149107
1.827199240e+10	2.294832	524.779708
1.829399480e+10	2.298468	525.40997
1.831599720e+10	2.302314	526.038739
1.833799960e+10	2.30498	526.667702
1.836000200e+10	2.305706	527.299346
1.838200440e+10	2.310878	527.930826
1.840400680e+10	2.313462	528.558455
1.842600920e+10	2.314729	529.18783
1.844801160e+10	2.316544	529.817204
1.847001400e+10	2.315196	530.446652
1.849201640e+10	2.312689	531.077866
1.851401880e+10	2.312781	531.711063
1.853602120e+10	2.31347	532.343693
1.855802360e+10	2.31245	532.973156
1.858002601e+10	2.312773	533.608728
1.860202841e+10	2.31476	534.242831
1.862403081e+10	2.317412	534.877796
1.864603321e+10	2.319242	535.508782
1.866803561e+10	2.320612	536.140844
1.869003801e+10	2.32294	536.773923
1.871204041e+10	2.326325	537.403867
1.873404281e+10	2.327989	538.033891
1.875604521e+10	2.328907	538.665335
1.877804761e+10	2.330768	539.296242
1.880005001e+10	2.330579	539.927542
1.882205241e+10	2.332175	540.559952
1.884405481e+10	2.332788	541.19252
1.886605721e+10	2.332987	541.826316
1.888805961e+10	2.334921	542.459023
1.891006201e+10	2.338805	543.094354
1.893206441e+10	2.3407	543.72711
1.895406681e+10	2.342328	544.356236
1.897606921e+10	2.3429	544.988632
1.899807161e+10	2.345221	545.622588
1.902007401e+10	2.347383	546.255826
1.904207642e+10	2.350016	546.888018
1.906407882e+10	2.354892	547.519336
1.908608122e+10	2.357782	548.149707
1.910808362e+10	2.358563	548.778557
1.913008602e+10	2.361102	549.410182
1.915208842e+10	2.363824	550.042382
1.917409082e+10	2.365906	550.671763
1.919609322e+10	2.367456	551.303442
1.921809562e+10	2.366858	551.935891
1.924009802e+10	2.368133	552.566594
1.926210042e+10	2.368037	553.198479
1.928410282e+10	2.37043	553.835249
1.930610522e+10	2.372722	554.467639
1.932810762e+10	2.375476	555.100998
1.935011002e+10	2.378241	555.731492
1.937211242e+10	2.380721	556.363008
1.939411482e+10	2.381864	556.994523
1.941611722e+10	2.381494	557.625056
1.943811962e+10	2.383689	558.258705
1.946012202e+10	2.385516	558.891464
1.948212442e+10	2.388201	559.523325
1.950412683e+10	2.391846	560.156269
1.952612923e+10	2.393294	560.788937
1.954813163e+10	2.395806	561.419434
1.957013403e+10	2.399451	562.051776
1.959213643e+10	2.40297	562.68163
1.961413883e+10	2.403004	563.313922
1.963614123e+10	2.403977	563.943988
1.965814363e+10	2.40584	564.579403
1.968014603e+10	2.408235	565.212329
1.970214843e+10	2.409687	565.845102
1.972415083e+10	2.410206	566.476834
1.974615323e+10	2.413274	567.110267
1.976815563e+10	2.418207	567.743323
1.979015803e+10	2.419694	568.375947
1.981216043e+10	2.423738	569.007707
1.983416283e+10	2.427036	569.640704
1.985616523e+10	2.430772	570.270104
1.987816763e+10	2.433482	570.897469
1.990017003e+10	2.434023	571.531707
1.992217243e+10	2.434129	572.162601
1.994417483e+10	2.436766	572.795828
1.996617724e+10	2.439536	573.427717
1.998817964e+10	2.440274	574.06062
2.001018204e+10	2.441557	574.688614
2.003218444e+10	2.441633	575.324168
2.005418684e+10	2.442551	575.956906
2.007618924e+10	2.441291	576.587845
2.009819164e+10	2.441869	577.221517
2.012019404e+10	2.443542	577.855378
2.014219644e+10	2.444898	578.487005
2.016419884e+10	2.445821	579.117688
2.018620124e+10	2.447945	579.751024
2.020820364e+10	2.451069	580.38648
2.023020604e+10	2.452444	581.016101
2.025220844e+10	2.45492	581.647833
2.027421084e+10	2.457146	582.28162
2.029621324e+10	2.459841	582.913372
2.031821564e+10	2.463171	583.548367
2.034021804e+10	2.468558	584.183362
2.036222044e+10	2.469473	584.814719
2.038422284e+10	2.471669	585.448447
2.040622525e+10	2.474107	586.08087
2.042822765e+10	2.476084	586.712103
2.045023005e+10	2.478114	587.343067
2.047223245e+10	2.480145	587.973827
2.049423485e+10	2.481343	588.60461
2.051623725e+10	2.483591	589.233405
2.053823965e+10	2.482345	589.864832
2.056024205e+10	2.48457	590.496546
2.058224445e+10	2.484756	591.129444
2.060424685e+10	2.48711	591.761784
2.062624925e+10	2.4909	592.39205
2.064825165e+10	2.493712	593.025114
2.067025405e+10	2.497801	593.655542
2.069225645e+10	2.501349	594.284987
2.071425885e+10	2.501018	594.9175
2.073626125e+10	2.503712	595.549455
2.075826365e+10	2.506703	596.181163
2.078026605e+10	2.511064	596.812012
2.080226845e+10	2.511468	597.44372
2.082427085e+10	2.514668	598.076391
2.084627325e+10	2.515897	598.706663
2.086827566e+10	2.518349	599.337749
2.089027806e+10	2.518953	599.968746
2.091228046e+10	2.51889	600.599345
2.093428286e+10	2.521181	601.230028
2.095628526e+10	2.520226	601.864007
2.097828766e+10	2.520657	602.496088
2.100029006e+10	2.522112	603.126972
2.102229246e+10	2.524389	603.759737
2.104429486e+10	2.525731	604.39317
2.106629726e+10	2.528767	605.02469
2.108829966e+10	2.530192	605.658436
2.111030206e+10	2.535136	606.29297
2.113230446e+10	2.538303	606.928035
2.115430686e+10	2.542137	607.558554
2.117630926e+10	2.547207	608.19025
2.119831166e+10	2.549086	608.823157
2.122031406e+10	2.551373	609.454441
2.124231646e+10	2.557164	610.089585
2.126431886e+10	2.562986	610.719882
2.128632126e+10	2.56445	611.350178
2.130832366e+10	2.565104	611.977817
2.133032607e+10	2.563118	612.607131
2.135232847e+10	2.562612	613.240088
2.137433087e+10	2.562532	613.872287
2.139633327e+10	2.564691	614.505307
2.141833567e+10	2.565609	615.137328
2.144033807e+10	2.566112	615.769912
2.146234047e+10	2.567098	616.401331
2.148434287e+10	2.568554	617.034897
2.150634527e+10	2.573083	617.670343
2.152834767e+10	2.575651	618.301432
2.155035007e+10	2.576412	618.934248
2.157235247e+10	2.578461	619.567604
2.159435487e+10	2.577032	620.200804
2.161635727e+10	2.579411	620.834702
2.163835967e+10	2.582721	621.468864
2.166036207e+10	2.588091	622.101003
2.168236447e+10	2.590311	622.732042
2.170436687e+10	2.594564	623.361129
2.172636927e+10	2.596121	623.991071
2.174837167e+10	2.59802	624.617974
2.177037407e+10	2.599373	625.24794
2.179237648e+10	2.599362	625.878244
2.181437888e+10	2.600318	626.508164
2.183638128e+10	2.598892	627.140308
2.185838368e+10	2.600754	627.772712
2.188038608e+10	2.598831	628.407373
2.190238848e+10	2.60142	629.040807
2.192439088e+10	2.603247	629.674131
2.194639328e+10	2.604692	630.308116
2.196839568e+10	2.604964	630.94189
2.199039808e+10	2.605468	631.573073
2.201240048e+10	2.608027	632.207183
2.203440288e+10	2.610883	632.839846
2.205640528e+10	2.613079	633.470246
2.207840768e+10	2.616074	634.102651
2.210041008e+10	2.620452	634.73481
2.212241248e+10	2.624773	635.367756
2.214441488e+10	2.627029	635.996765
2.216641728e+10	2.629376	636.628618
2.218841968e+10	2.633631	637.260238
2.221042208e+10	2.636677	637.891266
2.223242448e+10	2.636194	638.522295
2.225442689e+10	2.636921	639.155738
2.227642929e+10	2.639776	639.789814
2.229843169e+10	2.639845	640.421416
2.232043409e+10	2.640154	641.052936
2.234243649e+10	2.639401	641.687932
2.236443889e+10	2.642541	642.320802
2.238644129e+10	2.642447	642.954218
2.240844369e+10	2.645524	643.588392
2.243044609e+10	2.647638	644.223176
2.245244849e+10	2.651862	644.857715
2.247445089e+10	2.65585	645.492322
2.249645329e+10	2.660801	646.126684
2.251845569e+10	2.665946	646.76142
2.254045809e+10	2.670401	647.397068
2.256246049e+10	2.677045	648.030612
2.258446289e+10	2.6838	648.664234
2.260646529e+10	2.690327	649.294292
2.262846769e+10	2.69758	649.926642
2.265047009e+10	2.705215	650.552238
2.267247249e+10	2.710976	651.173633
2.269447489e+10	2.711282	651.796383
2.271647730e+10	2.707299	652.422423
2.273847970e+10	2.703574	653.049746
2.276048210e+10	2.696218	653.678695
2.278248450e+10	2.691983	654.312061
2.280448690e+10	2.690703	654.949782
2.282648930e+10	2.689563	655.585729
2.284849170e+10	2.690259	656.219245
2.287049410e+10	2.689205	656.857706
2.289249650e+10	2.691707	657.491513
2.291449890e+10	2.690721	658.126803
2.293650130e+10	2.693123	658.761391
2.295850370e+10	2.696097	659.397586
2.298050610e+10	2.700349	660.030236
2.300250850e+10	2.704112	660.66552
2.302451090e+10	2.706504	661.297334
2.304651330e+10	2.711274	661.93271
2.306851570e+10	2.712652	662.56582
2.309051810e+10	2.719488	663.197564
2.311252050e+10	2.725995	663.830751
2.313452290e+10	2.726988	664.458794
2.315652531e+10	2.728516	665.088002
2.317852771e+10	2.725941	665.71721
2.320053011e+10	2.723727	666.347071
2.322253251e+10	2.72218	666.977854
2.324453491e+10	2.718061	667.610351
2.326653731e+10	2.717606	668.247672
2.328853971e+10	2.719368	668.881813
2.331054211e+10	2.720862	669.515961
2.333254451e+10	2.723473	670.150336
2.335454691e+10	2.72597	670.784265
2.337654931e+10	2.726661	671.418395
2.339855171e+10	2.726929	672.054602
2.342055411e+10	2.73006	672.691814
2.344255651e+10	2.730751	673.325992
2.346455891e+10	2.732743	673.961822
2.348656131e+10	2.732494	674.59606
2.350856371e+10	2.732439	675.230988
2.353056611e+10	2.734287	675.863349
2.355256851e+10	2.736017	676.498204
2.357457091e+10	2.738869	677.128358
2.359657331e+10	2.741277	677.757338
2.361857572e+10	2.746043	678.388006
2.364057812e+10	2.74979	679.019161
2.366258052e+10	2.750597	679.649135
2.368458292e+10	2.752416	680.279685
2.370658532e+10	2.754368	680.91752
2.372858772e+10	2.75694	681.549791
2.375059012e+10	2.756653	682.183194
2.377259252e+10	2.75764	682.820273
2.379459492e+10	2.760692	683.455539
2.381659732e+10	2.761426	684.088484
2.383859972e+10	2.762601	684.72006
2.386060212e+10	2.762739	685.352733
2.388260452e+10	2.762261	685.984251
2.390460692e+10	2.763284	686.61434
2.392660932e+10	2.762843	687.244657
2.394861172e+10	2.764504	687.877262
2.397061412e+10	2.766353	688.507125
2.399261652e+10	2.766293	689.13747
2.401461892e+10	2.769637	689.773215
2.403662132e+10	2.772813	690.400637
2.405862372e+10	2.770741	691.03384
2.408062613e+10	2.778097	691.665262
2.410262853e+10	2.776813	692.296684
2.412463093e+10	2.783821	692.930546
2.414663333e+10	2.780773	693.562715
2.416863573e+10	2.783258	694.189532
2.419063813e+10	2.786626	694.826094
2.421264053e+10	2.792982	695.463912
2.423464293e+10	2.793228	696.092172
2.425664533e+10	2.795806	696.727273
2.427864773e+10	2.801934	697.359789
2.430065013e+10	2.803416	697.992202
2.432265253e+10	2.803996	698.623358
2.434465493e+10	2.803584	699.254868
2.436665733e+10	2.806081	699.884451
2.438865973e+10	2.801815	700.524017
2.441066213e+10	2.806386	701.155128
2.443266453e+10	2.810194	701.787099
2.445466693e+10	2.819521	702.42155
2.447666933e+10	2.817757	703.056832
2.449867173e+10	2.828322	703.685739
2.452067413e+10	2.833646	704.323627
2.454267654e+10	2.847709	704.953597
2.456467894e+10	2.845764	705.581055
2.458668134e+10	2.850448	706.209815
2.460868374e+10	2.851326	706.842463
2.463068614e+10	2.84723	707.471211
2.465268854e+10	2.847889	708.10328
2.467469094e+10	2.845502	708.733294
2.469669334e+10	2.845311	709.36699
2.471869574e+10	2.845205	709.996253
2.474069814e+10	2.846688	710.631033
2.476270054e+10	2.847508	711.256479
2.478470294e+10	2.839225	711.897984
2.480670534e+10	2.844362	712.531912
2.482870774e+10	2.845961	713.161723
2.485071014e+10	2.85066	713.799653
2.487271254e+10	2.852687	714.42778
2.489471494e+10	2.863088	715.07053
2.491671734e+10	2.863067	715.704914
2.493871974e+10	2.859053	716.33958
2.496072214e+10	2.868186	716.974101
2.498272454e+10	2.865507	717.610616
2.500472695e+10	2.8767	718.243646
2.502672935e+10	2.875364	718.872181
2.504873175e+10	2.878021	719.500716
2.507073415e+10	2.872492	720.13317
2.509273655e+10	2.873808	720.761087
2.511473895e+10	2.880425	721.390219
2.513674135e+10	2.876085	722.022664
2.515874375e+10	2.876367	722.649894
2.518074615e+10	2.881107	723.286039
2.520274855e+10	2.873918	723.912579
2.522475095e+10	2.874974	724.544565
2.524675335e+10	2.877688	725.178927
2.526875575e+10	2.875167	725.819366
2.529075815e+10	2.873827	726.455974
2.531276055e+10	2.886815	727.090664
2.533476295e+10	2.889352	727.718621
2.535676535e+10	2.883208	728.352904
2.537876775e+10	2.885741	728.991806
2.540077015e+10	2.892039	729.62404
2.542277255e+10	2.891365	730.250008
2.544477495e+10	2.898486	730.888333
2.546677736e+10	2.901415	731.506829
2.548877976e+10	2.898952	732.14943
2.551078216e+10	2.89397	732.785019
2.553278456e+10	2.904266	733.411979
2.555478696e+10	2.900854	734.04403
2.557678936e+10	2.903945	734.678452
2.559879176e+10	2.902937	735.314451
2.562079416e+10	2.906329	735.93957
2.564279656e+10	2.907376	736.576381
2.566479896e+10	2.910749	737.201281
2.568680136e+10	2.905951	737.84556
2.570880376e+10	2.913702	738.482307
2.573080616e+10	2.914814	739.115045
2.575280856e+10	2.912677	739.747697
2.577481096e+10	2.9248	740.382743
2.579681336e+10	2.926031	741.011611
2.581881576e+10	2.919491	741.645234
2.584081816e+10	2.920693	742.27326
2.586282056e+10	2.926042	742.912078
2.588482296e+10	2.927594	743.547865
2.590682537e+10	2.931418	744.175748
2.592882777e+10	2.944996	744.805993
2.595083017e+10	2.946846	745.442204
2.597283257e+10	2.949719	746.073284
2.599483497e+10	2.955204	746.704364
2.601683737e+10	2.954439	747.328061
2.603883977e+10	2.956817	747.970767
2.606084217e+10	2.956104	748.595839
2.608284457e+10	2.953022	749.233705
2.610484697e+10	2.954228	749.871064
2.612684937e+10	2.957233	750.509796
2.614885177e+10	2.952714	751.137823
2.617085417e+10	2.954209	751.766834
2.619285657e+10	2.959036	752.40867
2.621485897e+10	2.955007	753.038505
2.623686137e+10	2.955503	753.670233
2.625886377e+10	2.960068	754.313505
2.628086617e+10	2.970822	754.945218
2.630286857e+10	2.976603	755.578761
2.632487097e+10	2.978362	756.215883
2.634687337e+10	2.995427	756.851304
2.636887578e+10	3.002215	757.48607
2.639087818e+10	3.006232	758.121232
2.641288058e+10	3.014348	758.751414
2.643488298e+10	3.020348	759.380874
2.645688538e+10	3.015948	760.005629
2.647888778e+10	3.025257	760.632133
2.650089018e+10	3.014987	761.254106
2.652289258e+10	3.010756	761.892623
2.654489498e+10	3.003288	762.516397
2.656689738e+10	2.996827	763.149908
2.658889978e+10	2.996718	763.784125
2.661090218e+10	2.999472	764.422042
2.663290458e+10	3.00314	765.055905
2.665490698e+10	3.000836	765.695087
2.667690938e+10	2.999333	766.326995
2.669891178e+10	3.002357	766.96779
2.672091418e+10	3.00709	767.60208
2.674291658e+10	3.012962	768.233967
2.676491898e+10	3.009016	768.868061
2.678692138e+10	3.020067	769.505961
2.680892378e+10	3.019874	770.139932
2.683092619e+10	3.022535	770.772817
2.685292859e+10	3.019854	771.409416
2.687493099e+10	3.026016	772.044699
2.689693339e+10	3.031149	772.673098
2.691893579e+10	3.021746	773.303826
2.694093819e+10	3.030149	773.934553
2.696294059e+10	3.030326	774.562029
2.698494299e+10	3.029991	775.19116
2.700694539e+10	3.024713	775.822212
2.702894779e+10	3.028768	776.452913
2.705095019e+10	3.023864	777.091022
2.707295259e+10	3.026482	777.72455
2.709495499e+10	3.028333	778.355693
2.711695739e+10	3.027608	778.992281
2.713895979e+10	3.028295	779.632748
2.716096219e+10	3.029468	780.264879
2.718296459e+10	3.038488	780.896216
2.720496699e+10	3.034408	781.5323
2.722696939e+10	3.03963	782.164907
2.724897179e+10	3.038195	782.799968
2.727097419e+10	3.038955	783.430627
2.729297660e+10	3.034943	784.062571
2.731497900e+10	3.04012	784.699478
2.733698140e+10	3.040855	785.328466
2.735898380e+10	3.042786	785.964867
2.738098620e+10	3.045411	786.599427
2.740298860e+10	3.049573	787.224962
2.742499100e+10	3.047905	787.855277
2.744699340e+10	3.051122	788.485243
2.746899580e+10	3.052992	789.129803
2.749099820e+10	3.058286	789.75645
2.751300060e+10	3.061074	790.395936
2.753500300e+10	3.064809	791.021008
2.755700540e+10	3.065766	791.66006
2.757900780e+10	3.066812	792.290064
2.760101020e+10	3.070633	792.929254
2.762301260e+10	3.071743	793.56051
2.764501500e+10	3.07327	794.196638
2.766701740e+10	3.075714	794.823371
2.768901980e+10	3.073236	795.461512
2.771102220e+10	3.077387	796.093204
2.773302460e+10	3.077115	796.72834
2.775502701e+10	3.07622	797.361419
2.777702941e+10	3.074514	797.984389
2.779903181e+10	3.083333	798.635525
2.782103421e+10	3.086495	799.260312
2.784303661e+10	3.08674	799.887997
2.786503901e+10	3.092422	800.519485
2.788704141e+10	3.096138	801.150974
2.790904381e+10	3.099861	801.786528
2.793104621e+10	3.10571	802.415081
2.795304861e+10	3.102857	803.055689
2.797505101e+10	3.104151	803.692566
2.799705341e+10	3.103466	804.324096
2.801905581e+10	3.1104	804.957228
2.804105821e+10	3.107499	805.594896
2.806306061e+10	3.102734	806.226725
2.808506301e+10	3.10581	806.850886
2.810706541e+10	3.104511	807.484494
2.812906781e+10	3.115139	808.113528
2.815107021e+10	3.107193	808.748162
2.817307261e+10	3.107812	809.387606
2.819507502e+10	3.108397	810.0127
2.821707742e+10	3.113458	810.656353
2.823907982e+10	3.12502	811.285048
2.826108222e+10	3.125674	811.916281
2.828308462e+10	3.122132	812.55083
2.830508702e+10	3.128652	813.184785
2.832708942e+10	3.124746	813.825292
2.834909182e+10	3.135953	814.452263
2.837109422e+10	3.133519	815.080252
2.839309662e+10	3.123713	815.726336
2.841509902e+10	3.134005	816.352238
2.843710142e+10	3.130902	816.982556
2.845910382e+10	3.132417	817.623451
2.848110622e+10	3.130831	818.248027
2.850310862e+10	3.130702	818.882011
2.852511102e+10	3.137584	819.512913
2.854711342e+10	3.139998	820.139789
2.856911582e+10	3.14976	820.776782
2.859111822e+10	3.144869	821.411773
2.861312062e+10	3.139663	822.042137
2.863512302e+10	3.15267	822.677666
2.865712543e+10	3.142734	823.319188
2.867912783e+10	3.150528	823.95167
2.870113023e+10	3.155915	824.574174
2.872313263e+10	3.153708	825.21146
2.874513503e+10	3.161519	825.846984
2.876713743e+10	3.168018	826.483584
2.878913983e+10	3.168601	827.115742
2.881114223e+10	3.166297	827.753763
2.883314463e+10	3.164282	828.391784
2.885514703e+10	3.181045	829.019315
2.887714943e+10	3.169319	829.653307
2.889915183e+10	3.176247	830.286043
2.892115423e+10	3.166479	830.915975
2.894315663e+10	3.176497	831.551023
2.896515903e+10	3.177895	832.189269
2.898716143e+10	3.186507	832.814744
2.900916383e+10	3.183524	833.449368
2.903116623e+10	3.182835	834.091235
2.905316863e+10	3.183232	834.721083
2.907517103e+10	3.186134	835.360292
2.909717343e+10	3.193758	835.994163
2.911917584e+10	3.194261	836.634923
2.914117824e+10	3.192709	837.262088
2.916318064e+10	3.196139	837.907525
2.918518304e+10	3.204037	838.540882
2.920718544e+10	3.204804	839.176687
2.922918784e+10	3.219666	839.807636
2.925119024e+10	3.209786	840.437447
2.927319264e+10	3.223856	841.070037
2.929519504e+10	3.224056	841.697584
2.931719744e+10	3.221331	842.319428
2.933919984e+10	3.228534	842.953936
2.936120224e+10	3.222873	843.585715
2.938320464e+10	3.217401	844.215495
2.940520704e+10	3.219192	844.858273
2.942720944e+10	3.212454	845.491771
2.944921184e+10	3.2129	846.119644
2.947121424e+10	3.215721	846.769534
2.949321664e+10	3.217718	847.405851
2.951521904e+10	3.213152	848.031042
2.953722144e+10	3.21798	848.674131
2.955922384e+10	3.220638	849.313794
2.958122625e+10	3.222053	849.948015
2.960322865e+10	3.22359	850.580222
2.962523105e+10	3.220832	851.21131
2.964723345e+10	3.221031	851.840051
2.966923585e+10	3.22951	852.478677
2.969123825e+10	3.228594	853.114579
2.971324065e+10	3.234714	853.747035
2.973524305e+10	3.236914	854.376742
2.975724545e+10	3.238703	855.005843
2.977924785e+10	3.238062	855.634944
2.980125025e+10	3.235894	856.268177
2.982325265e+10	3.243567	856.908736
2.984525505e+10	3.243719	857.546988
2.986725745e+10	3.245315	858.172814
2.988925985e+10	3.246245	858.808813
2.991126225e+10	3.244086	859.443901
2.993326465e+10	3.246035	860.071065
2.995526705e+10	3.246672	860.707692
2.997726945e+10	3.238758	861.34692
2.999927185e+10	3.248601	861.993031
3.002127425e+10	3.251644	862.618053
3.004327666e+10	3.253578	863.255989
3.006527906e+10	3.259305	863.884993
3.008728146e+10	3.25526	864.526189
3.010928386e+10	3.263805	865.156824
3.013128626e+10	3.261555	865.786657
3.015328866e+10	3.267225	866.426614
3.017529106e+10	3.278642	867.05675
3.019729346e+10	3.283299	867.686263
3.021929586e+10	3.277288	868.315996
3.024129826e+10	3.293497	868.949116
3.026330066e+10	3.28974	869.587333
3.028530306e+10	3.288405	870.214191
3.030730546e+10	3.27845	870.846735
3.032930786e+10	3.275739	871.481401
3.035131026e+10	3.275614	872.115811
3.037331266e+10	3.282534	872.749841
3.039531506e+10	3.279064	873.382822
3.041731746e+10	3.284074	874.014973
3.043931986e+10	3.288257	874.654046
3.046132226e+10	3.280952	875.290941
3.048332466e+10	3.295008	875.926889
3.050532707e+10	3.295934	876.560357
3.052732947e+10	3.300379	877.196135
3.054933187e+10	3.292088	877.83019
3.057133427e+10	3.29287	878.459388
3.059333667e+10	3.310334	879.089105
3.061533907e+10	3.310815	879.733592
3.063734147e+10	3.309032	880.359462
3.065934387e+10	3.30583	881.002282
3.068134627e+10	3.312069	881.624401
3.070334867e+10	3.3096	882.267835
3.072535107e+10	3.319975	882.911269
3.074735347e+10	3.302884	883.54186
3.076935587e+10	3.305624	884.178491
3.079135827e+10	3.312655	884.821138
