frequency	alpha_c	alpha_d	Er_right	Er_wrong
1.000E-02	0.029298478	0.000559449	1.944578654	1.872794201
3.200E-02	0.052412676	0.00179037	1.930476529	1.872794201
5.400E-02	0.068086536	0.003021291	1.887620704	1.872794201
7.601E-02	0.080774155	0.004252212	1.881255552	1.872794201
9.801E-02	0.091723236	0.005483133	1.884353542	1.872794201
1.200E-01	0.101497979	0.006714054	1.886511808	1.872794201
1.420E-01	0.110410722	0.007944975	1.886898093	1.872794201
1.640E-01	0.118655869	0.009175896	1.890062476	1.872794201
1.860E-01	0.126364169	0.010406817	1.889012693	1.872794201
2.080E-01	0.133628556	0.011637738	1.889026067	1.872794201
2.300E-01	0.140517895	0.012868659	1.887073475	1.872794201
2.520E-01	0.147084895	0.01409958	1.887081157	1.872794201
2.740E-01	0.153370969	0.015330501	1.88733555	1.872794201
2.960E-01	0.159409354	0.016561422	1.886865134	1.872794201
3.180E-01	0.165227207	0.017792343	1.8869554	1.872794201
3.400E-01	0.170847059	0.019023264	1.887685621	1.872794201
3.620E-01	0.176287848	0.020254186	1.887030579	1.872794201
3.840E-01	0.181565672	0.021485107	1.886267627	1.872794201
4.060E-01	0.186694352	0.022716028	1.885494532	1.872794201
4.280E-01	0.19168586	0.023946949	1.885233894	1.872794201
4.500E-01	0.196550646	0.02517787	1.885549599	1.872794201
4.721E-01	0.2012979	0.026408791	1.885868548	1.872794201
4.941E-01	0.205935748	0.027639712	1.886314512	1.872794201
5.161E-01	0.210471423	0.028870633	1.885908003	1.872794201
5.381E-01	0.214911395	0.030101554	1.885359731	1.872794201
5.601E-01	0.219261478	0.031332475	1.885217902	1.872794201
5.821E-01	0.223526919	0.032563396	1.885132446	1.872794201
6.041E-01	0.227712475	0.033794317	1.885112011	1.872794201
6.261E-01	0.231822473	0.035025238	1.884718288	1.872794201
6.481E-01	0.235860863	0.036256159	1.884446527	1.872794201
6.701E-01	0.239831263	0.03748708	1.883659603	1.872794201
6.921E-01	0.243736994	0.038718002	1.883236544	1.872794201
7.141E-01	0.247581118	0.039948923	1.882879715	1.872794201
7.361E-01	0.251366461	0.041179844	1.8827288	1.872794201
7.581E-01	0.25509564	0.042410765	1.882930118	1.872794201
7.801E-01	0.258771083	0.043641686	1.882889074	1.872794201
8.021E-01	0.262395048	0.044872607	1.882404401	1.872794201
8.241E-01	0.265969639	0.046103528	1.882075443	1.872794201
8.461E-01	0.269496821	0.047334449	1.881773439	1.872794201
8.681E-01	0.272978432	0.04856537	1.881521405	1.872794201
8.901E-01	0.276416194	0.049796291	1.881674737	1.872794201
9.121E-01	0.279811723	0.051027212	1.881702799	1.872794201
9.341E-01	0.283166537	0.052258133	1.881404449	1.872794201
9.561E-01	0.286482069	0.053489054	1.880370381	1.872794201
9.781E-01	0.289759665	0.054719975	1.880336839	1.872794201
1.000E+00	0.2930006	0.055950896	1.880347935	1.872794201
1.022E+00	0.296206075	0.057181817	1.880218333	1.872794201
1.044E+00	0.299377232	0.058412739	1.88028197	1.872794201
1.066E+00	0.302515148	0.05964366	1.880314151	1.872794201
1.088E+00	0.305620848	0.060874581	1.880105702	1.872794201
1.110E+00	0.308695303	0.062105502	1.879641378	1.872794201
1.132E+00	0.311739439	0.063336423	1.879575166	1.872794201
1.154E+00	0.314754136	0.064567344	1.879468195	1.872794201
1.176E+00	0.31774023	0.065798265	1.879513229	1.872794201
1.198E+00	0.320698521	0.067029186	1.879460212	1.872794201
1.220E+00	0.323629772	0.068260107	1.879499243	1.872794201
1.242E+00	0.32653471	0.069491028	1.879383255	1.872794201
1.264E+00	0.329414032	0.070721949	1.879127126	1.872794201
1.286E+00	0.332268404	0.07195287	1.879035281	1.872794201
1.308E+00	0.335098464	0.073183791	1.878925449	1.872794201
1.330E+00	0.337904821	0.074414712	1.879035718	1.872794201
1.352E+00	0.340688063	0.075645633	1.87913041	1.872794201
1.374E+00	0.34344875	0.076876555	1.879286712	1.872794201
1.396E+00	0.346187423	0.078107476	1.87942947	1.872794201
1.418E+00	0.348904599	0.079338397	1.879569879	1.872794201
1.440E+00	0.351600778	0.080569318	1.879582461	1.872794201
1.462E+00	0.354276439	0.081800239	1.87974827	1.872794201
1.484E+00	0.356932042	0.08303116	1.879762914	1.872794201
1.506E+00	0.359568033	0.084262081	1.879740759	1.872794201
1.528E+00	0.36218484	0.085493002	1.879640355	1.872794201
1.550E+00	0.364782875	0.086723923	1.87952167	1.872794201
1.572E+00	0.367362537	0.087954844	1.879504268	1.872794201
1.594E+00	0.369924211	0.089185765	1.879349711	1.872794201
1.616E+00	0.372468266	0.090416686	1.879415366	1.872794201
1.638E+00	0.374995063	0.091647607	1.879420778	1.872794201
1.660E+00	0.377504947	0.092878528	1.879483292	1.872794201
1.682E+00	0.379998254	0.094109449	1.879289033	1.872794201
1.704E+00	0.382475307	0.09534037	1.879248529	1.872794201
1.726E+00	0.384936421	0.096571291	1.879022657	1.872794201
1.748E+00	0.3873819	0.097802213	1.879022586	1.872794201
1.770E+00	0.389812037	0.099033134	1.879066617	1.872794201
1.792E+00	0.392227118	0.100264055	1.879145067	1.872794201
1.814E+00	0.394627419	0.101494976	1.879304221	1.872794201
1.836E+00	0.397013208	0.102725897	1.879504378	1.872794201
1.858E+00	0.399384746	0.103956818	1.87979931	1.872794201
1.880E+00	0.401742284	0.105187739	1.878395571	1.872794201
1.902E+00	0.404086068	0.10641866	1.877190694	1.872794201
1.924E+00	0.406416336	0.107649581	1.877557492	1.872794201
1.946E+00	0.408733319	0.108880502	1.877661629	1.872794201
1.968E+00	0.411037242	0.110111423	1.877744961	1.872794201
1.990E+00	0.413328322	0.111342344	1.877628671	1.872794201
2.012E+00	0.415606773	0.112573265	1.877613028	1.872794201
2.034E+00	0.417872801	0.113804186	1.877584244	1.872794201
2.056E+00	0.420126606	0.115035107	1.877593888	1.872794201
2.078E+00	0.422368385	0.116266029	1.877739962	1.872794201
2.100E+00	0.424598329	0.11749695	1.877612378	1.872794201
2.122E+00	0.426816622	0.118727871	1.877604323	1.872794201
2.144E+00	0.429023445	0.119958792	1.877371289	1.872794201
2.166E+00	0.431218975	0.121189713	1.877448341	1.872794201
2.188E+00	0.433403383	0.122420634	1.877279354	1.872794201
2.210E+00	0.435576836	0.123651555	1.877298309	1.872794201
2.232E+00	0.437739497	0.124882476	1.877311896	1.872794201
2.254E+00	0.439891527	0.126113397	1.877340517	1.872794201
2.276E+00	0.442033079	0.127344318	1.8771906	1.872794201
2.298E+00	0.444164306	0.128575239	1.877142286	1.872794201
2.320E+00	0.446285356	0.12980616	1.877133019	1.872794201
2.342E+00	0.448396372	0.131037081	1.87701428	1.872794201
2.364E+00	0.450497496	0.132268002	1.876898247	1.872794201
2.386E+00	0.452588867	0.133498923	1.876869867	1.872794201
2.408E+00	0.454670617	0.134729844	1.876871919	1.872794201
2.430E+00	0.456742879	0.135960766	1.876788744	1.872794201
2.452E+00	0.458805782	0.137191687	1.876697856	1.872794201
2.474E+00	0.460859451	0.138422608	1.8766897	1.872794201
2.496E+00	0.462904008	0.139653529	1.876692073	1.872794201
2.518E+00	0.464939575	0.14088445	1.876708687	1.872794201
2.540E+00	0.466966269	0.142115371	1.876738295	1.872794201
2.562E+00	0.468984205	0.143346292	1.876541616	1.872794201
2.584E+00	0.470993495	0.144577213	1.876557786	1.872794201
2.606E+00	0.472994249	0.145808134	1.876434127	1.872794201
2.628E+00	0.474986576	0.147039055	1.876478297	1.872794201
2.650E+00	0.476970581	0.148269976	1.876331677	1.872794201
2.672E+00	0.478946368	0.149500897	1.876438889	1.872794201
2.694E+00	0.480914037	0.150731818	1.876483279	1.872794201
2.716E+00	0.482873688	0.151962739	1.87651501	1.872794201
2.738E+00	0.484825419	0.15319366	1.876475572	1.872794201
2.760E+00	0.486769324	0.154424582	1.876485521	1.872794201
2.782E+00	0.488705496	0.155655503	1.876622338	1.872794201
2.804E+00	0.490634029	0.156886424	1.87662829	1.872794201
2.826E+00	0.49255501	0.158117345	1.875835749	1.872794201
2.848E+00	0.494468528	0.159348266	1.875400332	1.872794201
2.870E+00	0.49637467	0.160579187	1.875480135	1.872794201
2.892E+00	0.498273521	0.161810108	1.875442309	1.872794201
2.914E+00	0.500165162	0.163041029	1.875612518	1.872794201
2.936E+00	0.502049676	0.16427195	1.875699836	1.872794201
2.958E+00	0.503927142	0.165502871	1.875686391	1.872794201
2.980E+00	0.50579764	0.166733792	1.875656729	1.872794201
3.002E+00	0.507661245	0.167964713	1.8756691	1.872794201
3.024E+00	0.509518035	0.169195634	1.875595702	1.872794201
3.046E+00	0.511368082	0.170426555	1.87557908	1.872794201
3.068E+00	0.513211461	0.171657476	1.875568776	1.872794201
3.090E+00	0.515048242	0.172888397	1.875610358	1.872794201
3.112E+00	0.516878496	0.174119319	1.875595529	1.872794201
3.134E+00	0.518702291	0.17535024	1.875638551	1.872794201
3.156E+00	0.520519697	0.176581161	1.875582458	1.872794201
3.178E+00	0.522330779	0.177812082	1.875575915	1.872794201
3.200E+00	0.524135603	0.179043003	1.875652999	1.872794201
3.222E+00	0.525934234	0.180273924	1.875726606	1.872794201
3.244E+00	0.527726734	0.181504845	1.875833968	1.872794201
3.266E+00	0.529513167	0.182735766	1.875981055	1.872794201
3.288E+00	0.531293593	0.183966687	1.875534713	1.872794201
3.310E+00	0.533068072	0.185197608	1.875094592	1.872794201
3.332E+00	0.534836664	0.186428529	1.874926082	1.872794201
3.354E+00	0.536599427	0.18765945	1.875044342	1.872794201
3.376E+00	0.538356418	0.188890371	1.875102226	1.872794201
3.398E+00	0.540107693	0.190121292	1.875156618	1.872794201
3.420E+00	0.541853309	0.191352213	1.875163657	1.872794201
3.442E+00	0.543593319	0.192583134	1.875171121	1.872794201
3.464E+00	0.545327776	0.193814056	1.875160357	1.872794201
3.486E+00	0.547056735	0.195044977	1.875146371	1.872794201
3.508E+00	0.548780247	0.196275898	1.875132019	1.872794201
3.530E+00	0.550498363	0.197506819	1.875146825	1.872794201
3.552E+00	0.552211133	0.19873774	1.875153436	1.872794201
3.574E+00	0.553918607	0.199968661	1.875105942	1.872794201
3.596E+00	0.555620833	0.201199582	1.875134958	1.872794201
3.618E+00	0.557317861	0.202430503	1.875066053	1.872794201
3.640E+00	0.559009737	0.203661424	1.875044648	1.872794201
3.662E+00	0.560696508	0.204892345	1.875034429	1.872794201
3.684E+00	0.562378219	0.206123266	1.875019614	1.872794201
3.706E+00	0.564054917	0.207354187	1.875064739	1.872794201
3.728E+00	0.565726645	0.208585108	1.875038626	1.872794201
3.750E+00	0.567393448	0.209816029	1.875077946	1.872794201
3.772E+00	0.569055369	0.21104695	1.874788872	1.872794201
3.794E+00	0.57071245	0.212277872	1.87462249	1.872794201
3.816E+00	0.572364734	0.213508793	1.874633909	1.872794201
3.838E+00	0.574012261	0.214739714	1.874596411	1.872794201
3.860E+00	0.575655074	0.215970635	1.874590558	1.872794201
3.882E+00	0.577293211	0.217201556	1.874565599	1.872794201
3.904E+00	0.578926713	0.218432477	1.874576704	1.872794201
3.926E+00	0.580555619	0.219663398	1.874530966	1.872794201
3.948E+00	0.582179968	0.220894319	1.874536616	1.872794201
3.970E+00	0.583799797	0.22212524	1.874513441	1.872794201
3.992E+00	0.585415144	0.223356161	1.874498101	1.872794201
4.014E+00	0.587026046	0.224587082	1.874449629	1.872794201
4.036E+00	0.588632539	0.225818003	1.874420127	1.872794201
4.058E+00	0.59023466	0.227048924	1.874451135	1.872794201
4.080E+00	0.591832444	0.228279845	1.874385504	1.872794201
4.102E+00	0.593425926	0.229510766	1.874398252	1.872794201
4.124E+00	0.595015141	0.230741687	1.874377968	1.872794201
4.146E+00	0.596600122	0.231972609	1.874390762	1.872794201
4.168E+00	0.598180903	0.23320353	1.874327182	1.872794201
4.190E+00	0.599757518	0.234434451	1.874300809	1.872794201
4.212E+00	0.60133	0.235665372	1.874291816	1.872794201
4.234E+00	0.60289838	0.236896293	1.87428218	1.872794201
4.256E+00	0.604462691	0.238127214	1.874272767	1.872794201
4.278E+00	0.606022963	0.239358135	1.874244019	1.872794201
4.300E+00	0.607579229	0.240589056	1.874166501	1.872794201
4.322E+00	0.609131519	0.241819977	1.874184105	1.872794201
4.344E+00	0.610679863	0.243050898	1.874179381	1.872794201
4.366E+00	0.612224292	0.244281819	1.874194014	1.872794201
4.388E+00	0.613764834	0.24551274	1.874164884	1.872794201
4.410E+00	0.615301519	0.246743661	1.874179228	1.872794201
4.432E+00	0.616834375	0.247974582	1.874164786	1.872794201
4.454E+00	0.618363432	0.249205503	1.874148837	1.872794201
4.476E+00	0.619888717	0.250436424	1.874253155	1.872794201
4.498E+00	0.621410259	0.251667346	1.874277165	1.872794201
4.520E+00	0.622928084	0.252898267	1.874278984	1.872794201
4.542E+00	0.624442219	0.254129188	1.874238382	1.872794201
4.564E+00	0.625952692	0.255360109	1.874308662	1.872794201
4.586E+00	0.627459529	0.25659103	1.874330797	1.872794201
4.609E+00	0.628962756	0.257821951	1.87442508	1.872794201
4.631E+00	0.630462399	0.259052872	1.874563124	1.872794201
4.653E+00	0.631958483	0.260283793	1.874689711	1.872794201
4.675E+00	0.633451034	0.261514714	1.874849474	1.872794201
4.697E+00	0.634940076	0.262745635	1.87464887	1.872794201
4.719E+00	0.636425634	0.263976556	1.873511923	1.872794201
4.741E+00	0.637907733	0.265207477	1.872687556	1.872794201
4.763E+00	0.639386396	0.266438398	1.872720171	1.872794201
4.785E+00	0.640861647	0.267669319	1.872892753	1.872794201
4.807E+00	0.642333511	0.26890024	1.873026007	1.872794201
4.829E+00	0.643802009	0.270131162	1.873158196	1.872794201
4.851E+00	0.645267165	0.271362083	1.873294669	1.872794201
4.873E+00	0.646729002	0.272593004	1.873384295	1.872794201
4.895E+00	0.648187542	0.273823925	1.873367724	1.872794201
4.917E+00	0.649642808	0.275054846	1.873415802	1.872794201
4.939E+00	0.651094821	0.276285767	1.873470076	1.872794201
4.961E+00	0.652543603	0.277516688	1.873506432	1.872794201
4.983E+00	0.653989175	0.278747609	1.873567368	1.872794201
5.005E+00	0.655431559	0.27997853	1.873621323	1.872794201
5.027E+00	0.656870776	0.281209451	1.873685005	1.872794201
5.049E+00	0.658306847	0.282440372	1.873718775	1.872794201
5.071E+00	0.659739791	0.283671293	1.873809718	1.872794201
5.093E+00	0.66116963	0.284902214	1.873902344	1.872794201
5.115E+00	0.662596384	0.286133135	1.873985514	1.872794201
5.137E+00	0.664020072	0.287364056	1.874109993	1.872794201
5.159E+00	0.665440714	0.288594977	1.874200926	1.872794201
5.181E+00	0.666858329	0.289825899	1.873638832	1.872794201
5.203E+00	0.668272938	0.29105682	1.873081652	1.872794201
5.225E+00	0.669684558	0.292287741	1.87296114	1.872794201
5.247E+00	0.671093209	0.293518662	1.87303825	1.872794201
5.269E+00	0.672498909	0.294749583	1.873141853	1.872794201
5.291E+00	0.673901677	0.295980504	1.873288026	1.872794201
5.313E+00	0.675301531	0.297211425	1.873328554	1.872794201
5.335E+00	0.67669849	0.298442346	1.873388493	1.872794201
5.357E+00	0.67809257	0.299673267	1.87347922	1.872794201
5.379E+00	0.67948379	0.300904188	1.873418609	1.872794201
5.401E+00	0.680872168	0.302135109	1.873460328	1.872794201
5.423E+00	0.68225772	0.30336603	1.873496476	1.872794201
5.445E+00	0.683640465	0.304596951	1.873501742	1.872794201
5.467E+00	0.685020418	0.305827872	1.873533908	1.872794201
5.489E+00	0.686397596	0.307058793	1.873545711	1.872794201
5.511E+00	0.687772018	0.308289714	1.873528216	1.872794201
5.533E+00	0.689143698	0.309520636	1.873573719	1.872794201
5.555E+00	0.690512653	0.310751557	1.873484751	1.872794201
5.577E+00	0.691878899	0.311982478	1.873520796	1.872794201
5.599E+00	0.693242454	0.313213399	1.873552791	1.872794201
5.621E+00	0.694603331	0.31444432	1.873569343	1.872794201
5.643E+00	0.695961547	0.315675241	1.873558006	1.872794201
5.665E+00	0.697317118	0.316906162	1.873182167	1.872794201
5.687E+00	0.698670058	0.318137083	1.873012282	1.872794201
5.709E+00	0.700020384	0.319368004	1.873010275	1.872794201
5.731E+00	0.70136811	0.320598925	1.873028684	1.872794201
5.753E+00	0.702713252	0.321829846	1.873023975	1.872794201
5.775E+00	0.704055823	0.323060767	1.873061953	1.872794201
5.797E+00	0.705395839	0.324291688	1.87305197	1.872794201
5.819E+00	0.706733314	0.325522609	1.873049555	1.872794201
5.841E+00	0.708068263	0.32675353	1.873054666	1.872794201
5.863E+00	0.7094007	0.327984452	1.873029342	1.872794201
5.885E+00	0.710730639	0.329215373	1.873020677	1.872794201
5.907E+00	0.712058093	0.330446294	1.873018591	1.872794201
5.929E+00	0.713383078	0.331677215	1.873009963	1.872794201
5.951E+00	0.714705607	0.332908136	1.872975076	1.872794201
5.973E+00	0.716025692	0.334139057	1.872949646	1.872794201
5.995E+00	0.717343348	0.335369978	1.872983513	1.872794201
6.017E+00	0.718658589	0.336600899	1.872929303	1.872794201
6.039E+00	0.719971427	0.33783182	1.872952778	1.872794201
6.061E+00	0.721281875	0.339062741	1.872941807	1.872794201
6.083E+00	0.722589946	0.340293662	1.87291844	1.872794201
6.105E+00	0.723895654	0.341524583	1.872959216	1.872794201
6.127E+00	0.725199011	0.342755504	1.872848151	1.872794201
6.149E+00	0.72650003	0.343986425	1.872737955	1.872794201
6.171E+00	0.727798723	0.345217346	1.872693549	1.872794201
6.193E+00	0.729095103	0.346448267	1.872710301	1.872794201
6.215E+00	0.730389182	0.347679189	1.872713106	1.872794201
6.237E+00	0.731680972	0.34891011	1.872722393	1.872794201
6.259E+00	0.732970486	0.350141031	1.872728175	1.872794201
6.281E+00	0.734257735	0.351371952	1.872740663	1.872794201
6.303E+00	0.735542731	0.352602873	1.872753919	1.872794201
6.325E+00	0.736825486	0.353833794	1.872750683	1.872794201
6.347E+00	0.738106011	0.355064715	1.872744365	1.872794201
6.369E+00	0.73938432	0.356295636	1.872703335	1.872794201
6.391E+00	0.740660421	0.357526557	1.872660282	1.872794201
6.413E+00	0.741934328	0.358757478	1.872688851	1.872794201
6.435E+00	0.743206052	0.359988399	1.872702526	1.872794201
6.457E+00	0.744475603	0.36121932	1.87272279	1.872794201
6.479E+00	0.745742993	0.362450241	1.872753288	1.872794201
6.501E+00	0.747008232	0.363681162	1.872777089	1.872794201
6.523E+00	0.748271332	0.364912083	1.872895098	1.872794201
6.545E+00	0.749532304	0.366143005	1.872885561	1.872794201
6.567E+00	0.750791157	0.367373926	1.872929445	1.872794201
6.589E+00	0.752047904	0.368604847	1.872821779	1.872794201
6.611E+00	0.753302554	0.369835768	1.872387652	1.872794201
6.633E+00	0.754555118	0.371066689	1.872098701	1.872794201
6.655E+00	0.755805605	0.37229761	1.872075238	1.872794201
6.677E+00	0.757054028	0.373528531	1.872099386	1.872794201
6.699E+00	0.758300395	0.374759452	1.872165546	1.872794201
6.721E+00	0.759544717	0.375990373	1.872206954	1.872794201
6.743E+00	0.760787003	0.377221294	1.872233927	1.872794201
6.765E+00	0.762027265	0.378452215	1.872249561	1.872794201
6.787E+00	0.763265511	0.379683136	1.872258009	1.872794201
6.809E+00	0.764501751	0.380914057	1.87223209	1.872794201
6.831E+00	0.765735996	0.382144978	1.87225764	1.872794201
6.853E+00	0.766968254	0.383375899	1.87222409	1.872794201
6.875E+00	0.768198536	0.38460682	1.872270333	1.872794201
6.897E+00	0.769426851	0.385837742	1.872332859	1.872794201
6.919E+00	0.770653208	0.387068663	1.872320633	1.872794201
6.941E+00	0.771877616	0.388299584	1.872377953	1.872794201
6.963E+00	0.773100086	0.389530505	1.872417024	1.872794201
6.985E+00	0.774320625	0.390761426	1.872385994	1.872794201
7.007E+00	0.775539243	0.391992347	1.87244497	1.872794201
7.029E+00	0.77675595	0.393223268	1.872521387	1.872794201
7.051E+00	0.777970754	0.394454189	1.872451489	1.872794201
7.073E+00	0.779183663	0.39568511	1.872226398	1.872794201
7.095E+00	0.780394688	0.396916031	1.87200275	1.872794201
7.117E+00	0.781603836	0.398146952	1.871875792	1.872794201
7.139E+00	0.782811117	0.399377873	1.871871559	1.872794201
7.161E+00	0.784016538	0.400608794	1.871913966	1.872794201
7.183E+00	0.785220109	0.401839715	1.871896631	1.872794201
7.205E+00	0.786421838	0.403070636	1.87197707	1.872794201
7.227E+00	0.787621734	0.404301557	1.871999561	1.872794201
7.249E+00	0.788819804	0.405532479	1.872014973	1.872794201
7.271E+00	0.790016058	0.4067634	1.871979434	1.872794201
7.293E+00	0.791210502	0.407994321	1.872007598	1.872794201
7.315E+00	0.792403147	0.409225242	1.872083086	1.872794201
7.337E+00	0.793593999	0.410456163	1.872067133	1.872794201
7.359E+00	0.794783066	0.411687084	1.872145748	1.872794201
7.381E+00	0.795970358	0.412918005	1.872158587	1.872794201
7.403E+00	0.797155881	0.414148926	1.872176181	1.872794201
7.425E+00	0.798339643	0.415379847	1.872223425	1.872794201
7.447E+00	0.799521653	0.416610768	1.872246366	1.872794201
7.469E+00	0.800701918	0.417841689	1.872288743	1.872794201
7.491E+00	0.801880446	0.41907261	1.872293713	1.872794201
7.513E+00	0.803057244	0.420303531	1.872352687	1.872794201
7.535E+00	0.80423232	0.421534452	1.872268643	1.872794201
7.557E+00	0.805405682	0.422765373	1.87199856	1.872794201
7.579E+00	0.806577337	0.423996294	1.871795911	1.872794201
7.601E+00	0.807747292	0.425227216	1.871765169	1.872794201
7.623E+00	0.808915556	0.426458137	1.871820962	1.872794201
7.645E+00	0.810082134	0.427689058	1.871858195	1.872794201
7.667E+00	0.811247035	0.428919979	1.871840712	1.872794201
7.689E+00	0.812410265	0.4301509	1.871802491	1.872794201
7.711E+00	0.813571833	0.431381821	1.871874904	1.872794201
7.733E+00	0.814731744	0.432612742	1.871908191	1.872794201
7.755E+00	0.815890007	0.433843663	1.871918894	1.872794201
7.777E+00	0.817046627	0.435074584	1.871952782	1.872794201
7.799E+00	0.818201612	0.436305505	1.871966118	1.872794201
7.821E+00	0.81935497	0.437536426	1.871973342	1.872794201
7.843E+00	0.820506706	0.438767347	1.87202205	1.872794201
7.865E+00	0.821656827	0.439998268	1.872025924	1.872794201
7.887E+00	0.822805341	0.441229189	1.872065835	1.872794201
7.909E+00	0.823952254	0.44246011	1.872091576	1.872794201
7.931E+00	0.825097573	0.443691032	1.87211626	1.872794201
7.953E+00	0.826241304	0.444921953	1.872112576	1.872794201
7.975E+00	0.827383454	0.446152874	1.8721227	1.872794201
7.997E+00	0.82852403	0.447383795	1.872053879	1.872794201
8.019E+00	0.829663038	0.448614716	1.871986294	1.872794201
8.041E+00	0.830800484	0.449845637	1.871919105	1.872794201
8.063E+00	0.831936375	0.451076558	1.871881459	1.872794201
8.085E+00	0.833070717	0.452307479	1.871848133	1.872794201
8.107E+00	0.834203517	0.4535384	1.871854657	1.872794201
8.129E+00	0.83533478	0.454769321	1.871827275	1.872794201
8.151E+00	0.836464514	0.456000242	1.871843839	1.872794201
8.173E+00	0.837592724	0.457231163	1.871906314	1.872794201
8.195E+00	0.838719416	0.458462084	1.871898058	1.872794201
8.217E+00	0.839844597	0.459693005	1.87192051	1.872794201
8.239E+00	0.840968272	0.460923926	1.871937443	1.872794201
8.261E+00	0.842090448	0.462154847	1.872020404	1.872794201
8.283E+00	0.84321113	0.463385769	1.872038118	1.872794201
8.305E+00	0.844330325	0.46461669	1.87205735	1.872794201
8.327E+00	0.845448038	0.465847611	1.872098236	1.872794201
8.349E+00	0.846564276	0.467078532	1.872107129	1.872794201
8.371E+00	0.847679044	0.468309453	1.872142909	1.872794201
8.393E+00	0.848792347	0.469540374	1.872200645	1.872794201
8.415E+00	0.849904192	0.470771295	1.872294035	1.872794201
8.437E+00	0.851014585	0.472002216	1.872352347	1.872794201
8.459E+00	0.852123531	0.473233137	1.872384382	1.872794201
8.481E+00	0.853231035	0.474464058	1.872198695	1.872794201
8.503E+00	0.854337104	0.475694979	1.871764729	1.872794201
8.525E+00	0.855441743	0.4769259	1.871377757	1.872794201
8.547E+00	0.856544957	0.478156821	1.871314354	1.872794201
8.569E+00	0.857646752	0.479387742	1.871305584	1.872794201
8.591E+00	0.858747133	0.480618663	1.871343502	1.872794201
8.613E+00	0.859846106	0.481849585	1.871409852	1.872794201
8.635E+00	0.860943677	0.483080506	1.871506947	1.872794201
8.657E+00	0.86203985	0.484311427	1.871514189	1.872794201
8.679E+00	0.86313463	0.485542348	1.871554034	1.872794201
8.701E+00	0.864228024	0.486773269	1.87163179	1.872794201
8.723E+00	0.865320036	0.48800419	1.871612067	1.872794201
8.745E+00	0.866410672	0.489235111	1.871658853	1.872794201
8.767E+00	0.867499937	0.490466032	1.871642942	1.872794201
8.789E+00	0.868587836	0.491696953	1.871666372	1.872794201
8.811E+00	0.869674374	0.492927874	1.871698114	1.872794201
8.833E+00	0.870759556	0.494158795	1.871753367	1.872794201
8.855E+00	0.871843387	0.495389716	1.871830779	1.872794201
8.877E+00	0.872925873	0.496620637	1.871883691	1.872794201
8.899E+00	0.874007018	0.497851558	1.871928271	1.872794201
8.921E+00	0.875086827	0.499082479	1.871926153	1.872794201
8.943E+00	0.876165306	0.5003134	1.871916277	1.872794201
8.965E+00	0.877242459	0.501544321	1.871698263	1.872794201
8.987E+00	0.87831829	0.502775243	1.871481363	1.872794201
9.009E+00	0.879392806	0.504006164	1.871392778	1.872794201
9.031E+00	0.88046601	0.505237085	1.871331868	1.872794201
9.053E+00	0.881537907	0.506468006	1.871391675	1.872794201
9.075E+00	0.882608503	0.507698927	1.871404226	1.872794201
9.097E+00	0.883677802	0.508929848	1.871472784	1.872794201
9.119E+00	0.884745809	0.510160769	1.871460318	1.872794201
9.141E+00	0.885812527	0.51139169	1.871478557	1.872794201
9.163E+00	0.886877963	0.512622611	1.871497112	1.872794201
9.185E+00	0.88794212	0.513853532	1.871513576	1.872794201
9.207E+00	0.889005004	0.515084453	1.87156707	1.872794201
9.229E+00	0.890066618	0.516315374	1.871585208	1.872794201
9.251E+00	0.891126968	0.517546295	1.871550477	1.872794201
9.273E+00	0.892186057	0.518777216	1.871557658	1.872794201
9.295E+00	0.893243891	0.520008138	1.871568195	1.872794201
9.317E+00	0.894300473	0.521239059	1.871628477	1.872794201
9.339E+00	0.895355808	0.52246998	1.871625012	1.872794201
9.361E+00	0.896409901	0.523700901	1.871613682	1.872794201
9.383E+00	0.897462756	0.524931822	1.871587217	1.872794201
9.405E+00	0.898514378	0.526162743	1.871588328	1.872794201
9.427E+00	0.89956477	0.527393664	1.871558312	1.872794201
9.449E+00	0.900613936	0.528624585	1.871502779	1.872794201
9.471E+00	0.901661882	0.529855506	1.871504308	1.872794201
9.493E+00	0.902708612	0.531086427	1.871495801	1.872794201
9.515E+00	0.903754129	0.532317348	1.871484934	1.872794201
9.537E+00	0.904798438	0.533548269	1.87148379	1.872794201
9.559E+00	0.905841543	0.53477919	1.871489679	1.872794201
9.581E+00	0.906883449	0.536010111	1.871473713	1.872794201
9.603E+00	0.907924158	0.537241032	1.871452111	1.872794201
9.625E+00	0.908963676	0.538471953	1.871486311	1.872794201
9.647E+00	0.910002007	0.539702874	1.871490864	1.872794201
9.669E+00	0.911039154	0.540933796	1.871490238	1.872794201
9.691E+00	0.912075122	0.542164717	1.871477823	1.872794201
9.713E+00	0.913109915	0.543395638	1.871476696	1.872794201
9.735E+00	0.914143536	0.544626559	1.871481333	1.872794201
9.757E+00	0.915175989	0.54585748	1.871474812	1.872794201
9.779E+00	0.91620728	0.547088401	1.871458972	1.872794201
9.801E+00	0.91723741	0.548319322	1.871422292	1.872794201
9.823E+00	0.918266386	0.549550243	1.871415036	1.872794201
9.845E+00	0.919294209	0.550781164	1.871385722	1.872794201
9.867E+00	0.920320885	0.552012085	1.871419083	1.872794201
9.889E+00	0.921346416	0.553243006	1.871408374	1.872794201
9.911E+00	0.922370807	0.554473927	1.871391824	1.872794201
9.933E+00	0.923394062	0.555704848	1.871375374	1.872794201
9.955E+00	0.924416184	0.556935769	1.871351179	1.872794201
9.977E+00	0.925437177	0.55816669	1.871341128	1.872794201
9.999E+00	0.926457046	0.559397612	1.87134582	1.872794201
1.002E+01	0.927475792	0.560628533	1.871354638	1.872794201
1.004E+01	0.928493421	0.561859454	1.871358633	1.872794201
1.007E+01	0.929509936	0.563090375	1.871354618	1.872794201
1.009E+01	0.93052534	0.564321296	1.871348147	1.872794201
1.011E+01	0.931539637	0.565552217	1.871352781	1.872794201
1.013E+01	0.932552832	0.566783138	1.871318275	1.872794201
1.015E+01	0.933564926	0.568014059	1.8713667	1.872794201
1.018E+01	0.934575925	0.56924498	1.87134423	1.872794201
1.020E+01	0.935585831	0.570475901	1.871353705	1.872794201
1.022E+01	0.936594648	0.571706822	1.871344068	1.872794201
1.024E+01	0.93760238	0.572937743	1.871312278	1.872794201
1.026E+01	0.93860903	0.574168664	1.871326461	1.872794201
1.029E+01	0.939614601	0.575399585	1.871321761	1.872794201
1.031E+01	0.940619097	0.576630506	1.871322494	1.872794201
1.033E+01	0.941622522	0.577861428	1.871324485	1.872794201
1.035E+01	0.942624879	0.579092349	1.871308603	1.872794201
1.037E+01	0.943626171	0.58032327	1.871283873	1.872794201
1.040E+01	0.944626401	0.581554191	1.871228562	1.872794201
1.042E+01	0.945625574	0.582785112	1.871210076	1.872794201
1.044E+01	0.946623691	0.584016033	1.871149175	1.872794201
1.046E+01	0.947620758	0.585246954	1.871188599	1.872794201
1.048E+01	0.948616777	0.586477875	1.871200047	1.872794201
1.051E+01	0.94961175	0.587708796	1.871229266	1.872794201
1.053E+01	0.950605683	0.588939717	1.871236686	1.872794201
1.055E+01	0.951598577	0.590170638	1.871254663	1.872794201
1.057E+01	0.952590437	0.591401559	1.871259961	1.872794201
1.059E+01	0.953581264	0.59263248	1.871262907	1.872794201
1.062E+01	0.954571063	0.593863401	1.871281014	1.872794201
1.064E+01	0.955559837	0.595094322	1.871268198	1.872794201
1.066E+01	0.956547589	0.596325243	1.871248585	1.872794201
1.068E+01	0.957534322	0.597556164	1.871226509	1.872794201
1.070E+01	0.95852004	0.598787085	1.87126479	1.872794201
1.073E+01	0.959504744	0.600018006	1.871255621	1.872794201
1.075E+01	0.960488439	0.601248927	1.87127097	1.872794201
1.077E+01	0.961471128	0.602479848	1.871265404	1.872794201
1.079E+01	0.962452813	0.60371077	1.871267133	1.872794201
1.081E+01	0.963433498	0.604941691	1.871280673	1.872794201
1.084E+01	0.964413186	0.606172612	1.871279125	1.872794201
1.086E+01	0.96539188	0.607403533	1.871235929	1.872794201
1.088E+01	0.966369582	0.608634454	1.87119292	1.872794201
1.090E+01	0.967346296	0.609865375	1.871169893	1.872794201
1.092E+01	0.968322025	0.611096296	1.871154744	1.872794201
1.095E+01	0.969296772	0.612327217	1.871152436	1.872794201
1.097E+01	0.97027054	0.613558138	1.87115682	1.872794201
1.099E+01	0.971243331	0.614789059	1.871175866	1.872794201
1.101E+01	0.972215149	0.61601998	1.871169746	1.872794201
1.103E+01	0.973185996	0.617250901	1.871161376	1.872794201
1.106E+01	0.974155876	0.618481823	1.871163638	1.872794201
1.108E+01	0.975124791	0.619712744	1.871125373	1.872794201
1.110E+01	0.976092745	0.620943665	1.871085953	1.872794201
1.112E+01	0.977059739	0.622174586	1.87108701	1.872794201
1.114E+01	0.978025778	0.623405507	1.871054643	1.872794201
1.117E+01	0.978990863	0.624636428	1.871059571	1.872794201
1.119E+01	0.979954998	0.625867349	1.871065425	1.872794201
1.121E+01	0.980918185	0.62709827	1.87106403	1.872794201
1.123E+01	0.981880427	0.628329191	1.871056569	1.872794201
1.125E+01	0.982841728	0.629560112	1.871066347	1.872794201
1.128E+01	0.983802089	0.630791033	1.871074004	1.872794201
1.130E+01	0.984761513	0.632021954	1.871029774	1.872794201
1.132E+01	0.985720003	0.633252876	1.87103492	1.872794201
1.134E+01	0.986677563	0.634483797	1.870991789	1.872794201
1.136E+01	0.987634194	0.635714718	1.870944295	1.872794201
1.139E+01	0.988589899	0.636945639	1.870927444	1.872794201
1.141E+01	0.989544681	0.63817656	1.870909879	1.872794201
1.143E+01	0.990498543	0.639407481	1.870921374	1.872794201
1.145E+01	0.991451487	0.640638402	1.870908015	1.872794201
1.147E+01	0.992403516	0.641869323	1.870853426	1.872794201
1.150E+01	0.993354633	0.643100244	1.870880231	1.872794201
1.152E+01	0.99430484	0.644331165	1.870853144	1.872794201
1.154E+01	0.99525414	0.645562086	1.870852407	1.872794201
1.156E+01	0.996202535	0.646793007	1.870857344	1.872794201
1.158E+01	0.997150028	0.648023928	1.870867606	1.872794201
1.161E+01	0.998096621	0.649254849	1.87088951	1.872794201
1.163E+01	0.999042318	0.65048577	1.870866643	1.872794201
1.165E+01	0.99998712	0.651716691	1.870914499	1.872794201
1.167E+01	1.000931031	0.652947612	1.870943205	1.872794201
1.169E+01	1.001874052	0.654178533	1.870940614	1.872794201
1.172E+01	1.002816187	0.655409455	1.870967385	1.872794201
1.174E+01	1.003757437	0.656640376	1.870977208	1.872794201
1.176E+01	1.004697806	0.657871297	1.870992848	1.872794201
1.178E+01	1.005637295	0.659102218	1.871006798	1.872794201
1.180E+01	1.006575907	0.660333139	1.871015947	1.872794201
1.183E+01	1.007513645	0.66156406	1.871025072	1.872794201
1.185E+01	1.00845051	0.662794981	1.87104017	1.872794201
1.187E+01	1.009386507	0.664025902	1.871024177	1.872794201
1.189E+01	1.010321636	0.665256823	1.871032199	1.872794201
1.191E+01	1.0112559	0.666487744	1.871017011	1.872794201
1.194E+01	1.012189302	0.667718665	1.870986787	1.872794201
1.196E+01	1.013121844	0.668949586	1.870991803	1.872794201
1.198E+01	1.014053528	0.670180507	1.871000572	1.872794201
1.200E+01	1.014984358	0.671411428	1.871024501	1.872794201
1.202E+01	1.015914334	0.672642349	1.871043658	1.872794201
1.205E+01	1.01684346	0.67387327	1.871062267	1.872794201
1.207E+01	1.017771737	0.675104191	1.87107166	1.872794201
1.209E+01	1.018699169	0.676335112	1.871098466	1.872794201
1.211E+01	1.019625757	0.677566033	1.871123761	1.872794201
1.213E+01	1.020551504	0.678796954	1.871126204	1.872794201
1.216E+01	1.021476412	0.680027876	1.871150438	1.872794201
1.218E+01	1.022400484	0.681258797	1.871167355	1.872794201
1.220E+01	1.02332372	0.682489718	1.871180216	1.872794201
1.222E+01	1.024246125	0.683720639	1.871213336	1.872794201
1.224E+01	1.025167699	0.68495156	1.871229383	1.872794201
1.227E+01	1.026088446	0.686182481	1.871201875	1.872794201
1.229E+01	1.027008368	0.687413402	1.871167033	1.872794201
1.231E+01	1.027927466	0.688644323	1.871127889	1.872794201
1.233E+01	1.028845743	0.689875244	1.871087008	1.872794201
1.235E+01	1.029763201	0.691106165	1.871055893	1.872794201
1.238E+01	1.030679843	0.692337086	1.871064891	1.872794201
1.240E+01	1.03159567	0.693568007	1.871055658	1.872794201
1.242E+01	1.032510685	0.694798929	1.87105629	1.872794201
1.244E+01	1.033424889	0.69602985	1.871060184	1.872794201
1.246E+01	1.034338286	0.697260771	1.871074038	1.872794201
1.249E+01	1.035250877	0.698491692	1.871082999	1.872794201
1.251E+01	1.036162663	0.699722613	1.871072051	1.872794201
1.253E+01	1.037073649	0.700953534	1.871089486	1.872794201
1.255E+01	1.037983834	0.702184455	1.871082453	1.872794201
1.257E+01	1.038893223	0.703415376	1.87106227	1.872794201
1.260E+01	1.039801816	0.704646297	1.871066247	1.872794201
1.262E+01	1.040709616	0.705877218	1.871091634	1.872794201
1.264E+01	1.041616624	0.707108139	1.871082261	1.872794201
1.266E+01	1.042522844	0.70833906	1.87108273	1.872794201
1.268E+01	1.043428276	0.709569982	1.871079065	1.872794201
1.271E+01	1.044332924	0.710800903	1.87109333	1.872794201
1.273E+01	1.045236788	0.712031824	1.871074938	1.872794201
1.275E+01	1.046139872	0.713262745	1.871017336	1.872794201
1.277E+01	1.047042176	0.714493666	1.870959932	1.872794201
1.279E+01	1.047943704	0.715724587	1.870932843	1.872794201
1.282E+01	1.048844457	0.716955508	1.87089235	1.872794201
1.284E+01	1.049744437	0.718186429	1.870875131	1.872794201
1.286E+01	1.050643646	0.71941735	1.870904794	1.872794201
1.288E+01	1.051542086	0.720648271	1.870912501	1.872794201
1.290E+01	1.052439759	0.721879192	1.870919239	1.872794201
1.293E+01	1.053336667	0.723110113	1.870884579	1.872794201
1.295E+01	1.054232812	0.724341034	1.870882146	1.872794201
1.297E+01	1.055128195	0.725571955	1.870890998	1.872794201
1.299E+01	1.05602282	0.726802876	1.870919624	1.872794201
1.301E+01	1.056916687	0.728033797	1.870920861	1.872794201
1.304E+01	1.057809799	0.729264718	1.870893323	1.872794201
1.306E+01	1.058702158	0.730495639	1.870909539	1.872794201
1.308E+01	1.059593766	0.731726561	1.870910965	1.872794201
1.310E+01	1.060484623	0.732957482	1.870938189	1.872794201
1.312E+01	1.061374733	0.734188403	1.870957128	1.872794201
1.315E+01	1.062264097	0.735419324	1.870946062	1.872794201
1.317E+01	1.063152717	0.736650245	1.870942739	1.872794201
1.319E+01	1.064040595	0.737881166	1.870934245	1.872794201
1.321E+01	1.064927732	0.739112087	1.870934318	1.872794201
1.323E+01	1.065814131	0.740343008	1.870916011	1.872794201
1.326E+01	1.066699794	0.741573929	1.870864042	1.872794201
1.328E+01	1.067584722	0.74280485	1.870869713	1.872794201
1.330E+01	1.068468917	0.744035771	1.870886716	1.872794201
1.332E+01	1.06935238	0.745266692	1.870892972	1.872794201
1.334E+01	1.070235115	0.746497613	1.870885061	1.872794201
1.337E+01	1.071117122	0.747728534	1.870898155	1.872794201
1.339E+01	1.071998403	0.748959455	1.870877085	1.872794201
1.341E+01	1.072878961	0.750190376	1.870894838	1.872794201
1.343E+01	1.073758796	0.751421297	1.870926807	1.872794201
1.345E+01	1.074637911	0.752652218	1.870940766	1.872794201
1.348E+01	1.075516308	0.753883139	1.870937858	1.872794201
1.350E+01	1.076393987	0.75511406	1.87091422	1.872794201
1.352E+01	1.077270952	0.756344981	1.8709245	1.872794201
1.354E+01	1.078147203	0.757575903	1.870934354	1.872794201
1.356E+01	1.079022743	0.758806824	1.870932824	1.872794201
1.359E+01	1.079897573	0.760037745	1.870947226	1.872794201
1.361E+01	1.080771694	0.761268666	1.87093594	1.872794201
1.363E+01	1.081645109	0.762499587	1.870898018	1.872794201
1.365E+01	1.08251782	0.763730508	1.870929859	1.872794201
1.367E+01	1.083389827	0.764961429	1.870893993	1.872794201
1.370E+01	1.084261134	0.76619235	1.870919782	1.872794201
1.372E+01	1.08513174	0.767423271	1.870945485	1.872794201
1.374E+01	1.086001649	0.768654192	1.870927116	1.872794201
1.376E+01	1.086870861	0.769885113	1.870937344	1.872794201
1.378E+01	1.087739379	0.771116034	1.870950654	1.872794201
1.381E+01	1.088607204	0.772346956	1.870976994	1.872794201
1.383E+01	1.089474338	0.773577877	1.870982428	1.872794201
1.385E+01	1.090340782	0.774808798	1.870974374	1.872794201
1.387E+01	1.091206538	0.776039719	1.870973781	1.872794201
1.389E+01	1.092071607	0.77727064	1.870994529	1.872794201
1.392E+01	1.092935992	0.778501561	1.871004789	1.872794201
1.394E+01	1.093799694	0.779732482	1.871012689	1.872794201
1.396E+01	1.094662715	0.780963403	1.871038509	1.872794201
1.398E+01	1.095525055	0.782194324	1.871058517	1.872794201
1.400E+01	1.096386718	0.783425245	1.871047573	1.872794201
1.403E+01	1.097247704	0.784656166	1.871048211	1.872794201
1.405E+01	1.098108014	0.785887087	1.871063452	1.872794201
1.407E+01	1.098967651	0.787118009	1.871024749	1.872794201
1.409E+01	1.099826617	0.78834893	1.871017244	1.872794201
1.411E+01	1.100684911	0.789579851	1.871036441	1.872794201
1.414E+01	1.101542537	0.790810772	1.871053497	1.872794201
1.416E+01	1.102399496	0.792041693	1.871035483	1.872794201
1.418E+01	1.10325579	0.793272614	1.870962325	1.872794201
1.420E+01	1.104111419	0.794503535	1.870941081	1.872794201
1.422E+01	1.104966385	0.795734456	1.870919964	1.872794201
1.425E+01	1.105820691	0.796965377	1.870920924	1.872794201
1.427E+01	1.106674337	0.798196298	1.870933669	1.872794201
1.429E+01	1.107527325	0.799427219	1.870941628	1.872794201
1.431E+01	1.108379657	0.80065814	1.870945607	1.872794201
1.433E+01	1.109231334	0.801889061	1.870922187	1.872794201
1.436E+01	1.110082357	0.803119982	1.870971744	1.872794201
1.438E+01	1.110932728	0.804350903	1.870991058	1.872794201
1.440E+01	1.111782449	0.805581824	1.870957253	1.872794201
1.442E+01	1.112631521	0.806812745	1.87100586	1.872794201
1.444E+01	1.113479946	0.808043666	1.871024192	1.872794201
1.447E+01	1.114327725	0.809274588	1.871036764	1.872794201
1.449E+01	1.115174859	0.810505509	1.871031194	1.872794201
1.451E+01	1.11602135	0.81173643	1.871018904	1.872794201
1.453E+01	1.1168672	0.812967351	1.871030036	1.872794201
1.455E+01	1.117712409	0.814198272	1.871031797	1.872794201
1.458E+01	1.11855698	0.815429193	1.87106807	1.872794201
1.460E+01	1.119400914	0.816660114	1.871096383	1.872794201
1.462E+01	1.120244211	0.817891035	1.871073233	1.872794201
1.464E+01	1.121086875	0.819121956	1.87105651	1.872794201
1.466E+01	1.121928905	0.820352877	1.871039834	1.872794201
1.469E+01	1.122770304	0.821583798	1.871016854	1.872794201
1.471E+01	1.123611073	0.822814719	1.870999642	1.872794201
1.473E+01	1.124451214	0.82404564	1.871008797	1.872794201
1.475E+01	1.125290727	0.825276561	1.871021543	1.872794201
1.477E+01	1.126129614	0.826507482	1.871030685	1.872794201
1.480E+01	1.126967877	0.827738403	1.87103857	1.872794201
1.482E+01	1.127805516	0.828969324	1.871046286	1.872794201
1.484E+01	1.128642535	0.830200245	1.871054241	1.872794201
1.486E+01	1.129478932	0.831431166	1.871055128	1.872794201
1.488E+01	1.130314711	0.832662087	1.871039748	1.872794201
1.491E+01	1.131149873	0.833893009	1.871037095	1.872794201
1.493E+01	1.131984418	0.83512393	1.87101604	1.872794201
1.495E+01	1.132818348	0.836354851	1.870999307	1.872794201
1.497E+01	1.133651665	0.837585772	1.871020876	1.872794201
1.499E+01	1.13448437	0.838816693	1.871023135	1.872794201
1.502E+01	1.135316464	0.840047614	1.871042156	1.872794201
1.504E+01	1.136147949	0.841278535	1.871046142	1.872794201
1.506E+01	1.136978825	0.842509456	1.871051137	1.872794201
1.508E+01	1.137809095	0.843740377	1.871031447	1.872794201
1.510E+01	1.138638759	0.844971298	1.871024533	1.872794201
1.513E+01	1.13946782	0.846202219	1.871003732	1.872794201
1.515E+01	1.140296277	0.84743314	1.871001451	1.872794201
1.517E+01	1.141124133	0.848664061	1.870967873	1.872794201
1.519E+01	1.141951389	0.849894983	1.870963907	1.872794201
1.521E+01	1.142778046	0.851125904	1.870980768	1.872794201
1.524E+01	1.143604106	0.852356825	1.870969397	1.872794201
1.526E+01	1.144429569	0.853587746	1.870968748	1.872794201
1.528E+01	1.145254437	0.854818667	1.870968303	1.872794201
1.530E+01	1.146078712	0.856049588	1.870950314	1.872794201
1.532E+01	1.146902394	0.857280509	1.870928289	1.872794201
1.535E+01	1.147725485	0.85851143	1.870925493	1.872794201
1.537E+01	1.148547987	0.859742351	1.870913239	1.872794201
1.539E+01	1.1493699	0.860973272	1.870909014	1.872794201
1.541E+01	1.150191225	0.862204193	1.870915333	1.872794201
1.543E+01	1.151011964	0.863435114	1.870926877	1.872794201
1.546E+01	1.151832119	0.864666036	1.87097109	1.872794201
1.548E+01	1.152651689	0.865896957	1.870958531	1.872794201
1.550E+01	1.153470678	0.867127878	1.870982055	1.872794201
1.552E+01	1.154289085	0.868358799	1.870983125	1.872794201
1.554E+01	1.155106913	0.86958972	1.871011113	1.872794201
1.557E+01	1.155924162	0.870820641	1.871028235	1.872794201
1.559E+01	1.156740833	0.872051562	1.8710324	1.872794201
1.561E+01	1.157556929	0.873282483	1.871036558	1.872794201
1.563E+01	1.158372449	0.874513404	1.871051088	1.872794201
1.565E+01	1.159187396	0.875744325	1.871071474	1.872794201
1.568E+01	1.16000177	0.876975246	1.871079749	1.872794201
1.570E+01	1.160815573	0.878206167	1.87107842	1.872794201
1.572E+01	1.161628806	0.879437088	1.871090186	1.872794201
1.574E+01	1.16244147	0.880668009	1.871103385	1.872794201
1.576E+01	1.163253566	0.88189893	1.871101123	1.872794201
1.579E+01	1.164065095	0.883129851	1.871113849	1.872794201
1.581E+01	1.164876059	0.884360772	1.871131891	1.872794201
1.583E+01	1.16568646	0.885591694	1.871151535	1.872794201
1.585E+01	1.166496296	0.886822615	1.871187753	1.872794201
1.587E+01	1.167305572	0.888053536	1.871216215	1.872794201
1.590E+01	1.168114286	0.889284457	1.871258975	1.872794201
1.592E+01	1.168922441	0.890515378	1.871277626	1.872794201
1.594E+01	1.169730038	0.891746299	1.871320292	1.872794201
1.596E+01	1.170537077	0.89297722	1.871359538	1.872794201
1.598E+01	1.17134356	0.894208141	1.871395388	1.872794201
1.601E+01	1.172149489	0.895439062	1.871441183	1.872794201
1.603E+01	1.172954863	0.896669983	1.871426177	1.872794201
1.605E+01	1.173759686	0.897900904	1.871336294	1.872794201
1.607E+01	1.174563956	0.899131825	1.871205643	1.872794201
1.609E+01	1.175367676	0.900362746	1.871083061	1.872794201
1.612E+01	1.176170848	0.901593667	1.871007897	1.872794201
1.614E+01	1.176973471	0.902824588	1.870986444	1.872794201
1.616E+01	1.177775547	0.904055509	1.871010982	1.872794201
1.618E+01	1.178577077	0.90528643	1.871046928	1.872794201
1.620E+01	1.179378062	0.906517351	1.871037372	1.872794201
1.623E+01	1.180178504	0.907748272	1.871059951	1.872794201
1.625E+01	1.180978403	0.908979193	1.871069257	1.872794201
1.627E+01	1.181777761	0.910210114	1.871109403	1.872794201
1.629E+01	1.182576579	0.911441036	1.87117288	1.872794201
1.631E+01	1.183374857	0.912671957	1.871182321	1.872794201
1.634E+01	1.184172598	0.913902878	1.871210157	1.872794201
1.636E+01	1.184969801	0.915133799	1.871234968	1.872794201
1.638E+01	1.185766468	0.91636472	1.87129983	1.872794201
1.640E+01	1.1865626	0.917595641	1.871298898	1.872794201
1.642E+01	1.187358199	0.918826562	1.871320592	1.872794201
1.645E+01	1.188153264	0.920057483	1.87137862	1.872794201
1.647E+01	1.188947798	0.921288404	1.871396565	1.872794201
1.649E+01	1.189741802	0.922519325	1.871404754	1.872794201
1.651E+01	1.190535276	0.923750246	1.87135215	1.872794201
1.653E+01	1.191328221	0.924981167	1.871308484	1.872794201
1.656E+01	1.192120639	0.926212088	1.871264938	1.872794201
1.658E+01	1.192912531	0.92744301	1.871214887	1.872794201
1.660E+01	1.193703897	0.928673931	1.871185668	1.872794201
1.662E+01	1.194494739	0.929904852	1.871196374	1.872794201
1.664E+01	1.195285058	0.931135773	1.87116882	1.872794201
1.667E+01	1.196074854	0.932366694	1.871176056	1.872794201
1.669E+01	1.19686413	0.933597615	1.871196225	1.872794201
1.671E+01	1.197652885	0.934828536	1.871199412	1.872794201
1.673E+01	1.198441121	0.936059457	1.87119599	1.872794201
1.675E+01	1.199228839	0.937290378	1.87120772	1.872794201
1.678E+01	1.20001604	0.938521299	1.871229105	1.872794201
1.680E+01	1.200802725	0.93975222	1.871232318	1.872794201
1.682E+01	1.201588895	0.940983141	1.871261972	1.872794201
1.684E+01	1.202374551	0.942214063	1.871260488	1.872794201
1.686E+01	1.203159693	0.943444984	1.87126218	1.872794201
1.689E+01	1.203944324	0.944675905	1.871269643	1.872794201
1.691E+01	1.204728444	0.945906826	1.871273475	1.872794201
1.693E+01	1.205512053	0.947137747	1.871303906	1.872794201
1.695E+01	1.206295154	0.948368668	1.871292009	1.872794201
1.697E+01	1.207077747	0.949599589	1.871292784	1.872794201
1.700E+01	1.207859832	0.95083051	1.871317211	1.872794201
1.702E+01	1.208641412	0.952061431	1.871288622	1.872794201
1.704E+01	1.209422486	0.953292352	1.871244908	1.872794201
1.706E+01	1.210203056	0.954523273	1.871231569	1.872794201
1.708E+01	1.210983123	0.955754194	1.871234256	1.872794201
1.711E+01	1.211762688	0.956985115	1.871231427	1.872794201
1.713E+01	1.212541752	0.958216036	1.87124952	1.872794201
1.715E+01	1.213320316	0.959446957	1.871238254	1.872794201
1.717E+01	1.21409838	0.960677878	1.871245407	1.872794201
1.719E+01	1.214875946	0.961908799	1.871250411	1.872794201
1.722E+01	1.215653015	0.963139721	1.871262126	1.872794201
1.724E+01	1.216429587	0.964370642	1.871266709	1.872794201
1.726E+01	1.217205664	0.965601563	1.871272722	1.872794201
1.728E+01	1.217981246	0.966832484	1.871298286	1.872794201
1.730E+01	1.218756335	0.968063405	1.871289877	1.872794201
1.733E+01	1.219530931	0.969294326	1.871318823	1.872794201
1.735E+01	1.220305035	0.970525247	1.871297051	1.872794201
1.737E+01	1.221078649	0.971756168	1.871308932	1.872794201
1.739E+01	1.221851773	0.972987089	1.871323634	1.872794201
1.741E+01	1.222624408	0.97421801	1.871324229	1.872794201
1.744E+01	1.223396555	0.975448931	1.871315551	1.872794201
1.746E+01	1.224168215	0.976679852	1.871309601	1.872794201
1.748E+01	1.224939389	0.977910773	1.871290867	1.872794201
1.750E+01	1.225710077	0.979141694	1.871272184	1.872794201
1.752E+01	1.226480282	0.980372615	1.871258687	1.872794201
1.755E+01	1.227250003	0.981603536	1.871251013	1.872794201
1.757E+01	1.228019241	0.982834457	1.871256538	1.872794201
1.759E+01	1.228787998	0.984065378	1.871269196	1.872794201
1.761E+01	1.229556274	0.985296299	1.871297017	1.872794201
1.763E+01	1.230324071	0.98652722	1.871291703	1.872794201
1.766E+01	1.231091389	0.987758142	1.871303961	1.872794201
1.768E+01	1.231858229	0.988989063	1.871322024	1.872794201
1.770E+01	1.232624592	0.990219984	1.871333758	1.872794201
1.772E+01	1.233390478	0.991450905	1.87132981	1.872794201
1.774E+01	1.234155889	0.992681826	1.87135151	1.872794201
1.777E+01	1.234920826	0.993912747	1.871378645	1.872794201
1.779E+01	1.23568529	0.995143668	1.871407112	1.872794201
1.781E+01	1.23644928	0.996374589	1.87138251	1.872794201
1.783E+01	1.237212799	0.99760551	1.871384595	1.872794201
1.785E+01	1.237975847	0.998836431	1.871387219	1.872794201
1.788E+01	1.238738425	1.000067352	1.871387056	1.872794201
1.790E+01	1.239500534	1.001298273	1.871384737	1.872794201
1.792E+01	1.240262174	1.002529194	1.871361089	1.872794201
1.794E+01	1.241023348	1.003760116	1.87136525	1.872794201
1.796E+01	1.241784054	1.004991037	1.871356075	1.872794201
1.799E+01	1.242544295	1.006221958	1.871361742	1.872794201
1.801E+01	1.243304071	1.007452879	1.871365832	1.872794201
1.803E+01	1.244063383	1.0086838	1.871363945	1.872794201
1.805E+01	1.244822231	1.009914721	1.87138319	1.872794201
1.807E+01	1.245580618	1.011145642	1.871396392	1.872794201
1.810E+01	1.246338543	1.012376563	1.87142445	1.872794201
1.812E+01	1.247096008	1.013607484	1.871429889	1.872794201
1.814E+01	1.247853012	1.014838405	1.871445502	1.872794201
1.816E+01	1.248609558	1.016069326	1.871466663	1.872794201
1.818E+01	1.249365645	1.017300247	1.871462344	1.872794201
1.821E+01	1.250121275	1.018531169	1.871472935	1.872794201
1.823E+01	1.250876449	1.01976209	1.871493688	1.872794201
1.825E+01	1.251631167	1.020993011	1.87150332	1.872794201
1.827E+01	1.25238543	1.022223932	1.871499284	1.872794201
1.829E+01	1.25313924	1.023454853	1.87149284	1.872794201
1.832E+01	1.253892596	1.024685774	1.871475766	1.872794201
1.834E+01	1.2546455	1.025916695	1.871460118	1.872794201
1.836E+01	1.255397952	1.027147616	1.871463587	1.872794201
1.838E+01	1.256149953	1.028378537	1.871465886	1.872794201
1.840E+01	1.256901505	1.029609458	1.871440846	1.872794201
1.843E+01	1.257652607	1.030840379	1.871428249	1.872794201
1.845E+01	1.258403261	1.0320713	1.871415678	1.872794201
1.847E+01	1.259153468	1.033302221	1.871403663	1.872794201
1.849E+01	1.259903228	1.034533142	1.871404156	1.872794201
1.851E+01	1.260652542	1.035764063	1.871418643	1.872794201
1.854E+01	1.261401411	1.036994984	1.871429102	1.872794201
1.856E+01	1.262149835	1.038225905	1.871417247	1.872794201
1.858E+01	1.262897817	1.039456827	1.871448372	1.872794201
1.860E+01	1.263645355	1.040687748	1.871469113	1.872794201
1.862E+01	1.264392451	1.041918669	1.871495855	1.872794201
1.865E+01	1.265139107	1.04314959	1.871494659	1.872794201
1.867E+01	1.265885321	1.044380511	1.871500999	1.872794201
1.869E+01	1.266631096	1.045611432	1.871514436	1.872794201
1.871E+01	1.267376433	1.046842353	1.871505957	1.872794201
1.873E+01	1.268121331	1.048073274	1.871498059	1.872794201
1.876E+01	1.268865792	1.049304195	1.871500073	1.872794201
1.878E+01	1.269609816	1.050535116	1.871498349	1.872794201
1.880E+01	1.270353405	1.051766037	1.871499364	1.872794201
1.882E+01	1.271096558	1.052996958	1.871508083	1.872794201
1.884E+01	1.271839278	1.054227879	1.87151788	1.872794201
1.887E+01	1.272581564	1.0554588	1.87153616	1.872794201
1.889E+01	1.273323417	1.056689721	1.871546869	1.872794201
1.891E+01	1.274064838	1.057920642	1.871575684	1.872794201
1.893E+01	1.274805828	1.059151563	1.871586667	1.872794201
1.895E+01	1.275546388	1.060382484	1.871572607	1.872794201
1.898E+01	1.276286518	1.061613405	1.871581095	1.872794201
1.900E+01	1.277026219	1.062844326	1.871600294	1.872794201
1.902E+01	1.277765491	1.064075247	1.87161452	1.872794201
1.904E+01	1.278504337	1.065306169	1.871621537	1.872794201
1.906E+01	1.279242755	1.06653709	1.871622554	1.872794201
1.909E+01	1.279980748	1.067768011	1.871617089	1.872794201
1.911E+01	1.280718315	1.068998932	1.871601241	1.872794201
1.913E+01	1.281455458	1.070229853	1.871604383	1.872794201
1.915E+01	1.282192177	1.071460774	1.871611443	1.872794201
1.917E+01	1.282928473	1.072691695	1.871599283	1.872794201
1.920E+01	1.283664346	1.073922616	1.871602792	1.872794201
1.922E+01	1.284399798	1.075153537	1.871611531	1.872794201
1.924E+01	1.285134829	1.076384458	1.871608397	1.872794201
1.926E+01	1.28586944	1.077615379	1.87161329	1.872794201
1.928E+01	1.286603631	1.0788463	1.871651269	1.872794201
1.931E+01	1.287337404	1.080077221	1.871659524	1.872794201
1.933E+01	1.288070759	1.081308143	1.871674314	1.872794201
1.935E+01	1.288803696	1.082539064	1.87166973	1.872794201
1.937E+01	1.289536217	1.083769985	1.871672051	1.872794201
1.939E+01	1.290268322	1.085000906	1.871674363	1.872794201
1.942E+01	1.291000012	1.086231827	1.871670065	1.872794201
1.944E+01	1.291731287	1.087462748	1.871686722	1.872794201
1.946E+01	1.292462149	1.088693669	1.871697369	1.872794201
1.948E+01	1.293192597	1.08992459	1.871701973	1.872794201
1.950E+01	1.293922634	1.091155511	1.871713822	1.872794201
1.953E+01	1.294652259	1.092386432	1.871723803	1.872794201
1.955E+01	1.295381472	1.093617353	1.871719254	1.872794201
1.957E+01	1.296110275	1.094848274	1.871727035	1.872794201
1.959E+01	1.296838669	1.096079196	1.87171821	1.872794201
1.961E+01	1.297566654	1.097310117	1.871725647	1.872794201
1.964E+01	1.298294231	1.098541038	1.87171826	1.872794201
1.966E+01	1.2990214	1.099771959	1.871746441	1.872794201
1.968E+01	1.299748162	1.10100288	1.871758039	1.872794201
1.970E+01	1.300474518	1.102233801	1.871768598	1.872794201
1.972E+01	1.301200469	1.103464722	1.871772242	1.872794201
1.975E+01	1.301926015	1.104695643	1.871787135	1.872794201
1.977E+01	1.302651157	1.105926564	1.871799505	1.872794201
1.979E+01	1.303375895	1.107157485	1.871808999	1.872794201
1.981E+01	1.304100231	1.108388406	1.871812777	1.872794201
1.983E+01	1.304824164	1.109619327	1.871824697	1.872794201
1.986E+01	1.305547696	1.110850248	1.871812927	1.872794201
1.988E+01	1.306270827	1.112081169	1.87178781	1.872794201
1.990E+01	1.306993559	1.11331209	1.871807874	1.872794201
1.992E+01	1.30771589	1.114543011	1.871805966	1.872794201
1.994E+01	1.308437823	1.115773932	1.871819348	1.872794201
1.997E+01	1.309159359	1.117004854	1.871823946	1.872794201
1.999E+01	1.309880496	1.118235775	1.871835166	1.872794201
2.001E+01	1.310601237	1.119466696	1.871814313	1.872794201
2.003E+01	1.311321581	1.120697617	1.871842814	1.872794201
2.005E+01	1.31204153	1.121928538	1.871852909	1.872794201
2.008E+01	1.312761085	1.123159459	1.871851277	1.872794201
2.010E+01	1.313480245	1.12439038	1.871867418	1.872794201
2.012E+01	1.314199011	1.125621301	1.871884753	1.872794201
2.014E+01	1.314917385	1.126852222	1.871887563	1.872794201
2.016E+01	1.315635366	1.128083143	1.871884252	1.872794201
2.019E+01	1.316352956	1.129314064	1.871898122	1.872794201
2.021E+01	1.317070154	1.130544985	1.871925671	1.872794201
2.023E+01	1.317786963	1.131775906	1.871915478	1.872794201
2.025E+01	1.318503382	1.133006827	1.871918929	1.872794201
2.027E+01	1.319219411	1.134237748	1.871935618	1.872794201
2.030E+01	1.319935052	1.135468669	1.871939173	1.872794201
2.032E+01	1.320650306	1.13669959	1.871963576	1.872794201
2.034E+01	1.321365172	1.137930511	1.87198793	1.872794201
2.036E+01	1.322079652	1.139161432	1.87198889	1.872794201
2.038E+01	1.322793746	1.140392353	1.872005048	1.872794201
2.041E+01	1.323507455	1.141623275	1.872012816	1.872794201
2.043E+01	1.324220778	1.142854196	1.87201296	1.872794201
2.045E+01	1.324933718	1.144085117	1.872011388	1.872794201
2.047E+01	1.325646275	1.145316038	1.87200852	1.872794201
2.049E+01	1.326358448	1.146546959	1.872005807	1.872794201
2.052E+01	1.32707024	1.14777788	1.871990442	1.872794201
2.054E+01	1.327781649	1.149008801	1.871991856	1.872794201
2.056E+01	1.328492678	1.150239722	1.871995094	1.872794201
2.058E+01	1.329203327	1.151470643	1.872005842	1.872794201
2.060E+01	1.329913596	1.152701564	1.872013032	1.872794201
2.063E+01	1.330623485	1.153932485	1.872007071	1.872794201
2.065E+01	1.331332996	1.155163406	1.872018831	1.872794201
2.067E+01	1.33204213	1.156394327	1.872013905	1.872794201
2.069E+01	1.332750886	1.157625248	1.872002786	1.872794201
2.071E+01	1.333459265	1.15885617	1.872011044	1.872794201
2.074E+01	1.334167268	1.160087091	1.872015771	1.872794201
2.076E+01	1.334874895	1.161318012	1.872018935	1.872794201
2.078E+01	1.335582148	1.162548933	1.872016695	1.872794201
2.080E+01	1.336289026	1.163779854	1.872019856	1.872794201
2.082E+01	1.336995531	1.165010775	1.872029056	1.872794201
2.085E+01	1.337701662	1.166241696	1.872023202	1.872794201
2.087E+01	1.338407421	1.167472617	1.872022458	1.872794201
2.089E+01	1.339112808	1.168703538	1.872021163	1.872794201
2.091E+01	1.339817824	1.169934459	1.872017386	1.872794201
2.093E+01	1.340522469	1.17116538	1.872014144	1.872794201
2.096E+01	1.341226743	1.172396301	1.87203146	1.872794201
2.098E+01	1.341930648	1.173627223	1.872036921	1.872794201
2.100E+01	1.342634184	1.174858144	1.872034926	1.872794201
2.102E+01	1.343337352	1.176089065	1.872044628	1.872794201
2.104E+01	1.344040151	1.177319986	1.87205846	1.872794201
2.107E+01	1.344742583	1.178550907	1.8720604	1.872794201
2.109E+01	1.345444649	1.179781828	1.87207613	1.872794201
2.111E+01	1.346146348	1.181012749	1.872096706	1.872794201
2.113E+01	1.346847682	1.18224367	1.872120526	1.872794201
2.115E+01	1.347548651	1.183474591	1.872116219	1.872794201
2.118E+01	1.348249255	1.184705512	1.872119187	1.872794201
2.120E+01	1.348949496	1.185936433	1.872129614	1.872794201
2.122E+01	1.349649373	1.187167354	1.872130029	1.872794201
2.124E+01	1.350348887	1.188398275	1.872154188	1.872794201
2.126E+01	1.35104804	1.189629196	1.872148516	1.872794201
2.129E+01	1.35174683	1.190860117	1.872142852	1.872794201
2.131E+01	1.35244526	1.192091038	1.87212091	1.872794201
2.133E+01	1.353143329	1.19332196	1.872109274	1.872794201
2.135E+01	1.353841038	1.194552881	1.872119958	1.872794201
2.137E+01	1.354538388	1.195783802	1.872125988	1.872794201
2.140E+01	1.355235379	1.197014723	1.872137022	1.872794201
2.142E+01	1.355932012	1.198245644	1.872141941	1.872794201
2.144E+01	1.356628287	1.199476565	1.872150283	1.872794201
2.146E+01	1.357324204	1.200707486	1.872151518	1.872794201
2.148E+01	1.358019766	1.201938407	1.87216581	1.872794201
2.151E+01	1.358714971	1.203169328	1.872191497	1.872794201
2.153E+01	1.35940982	1.204400249	1.87219069	1.872794201
2.155E+01	1.360104315	1.20563117	1.872200357	1.872794201
2.157E+01	1.360798455	1.206862091	1.872213278	1.872794201
2.159E+01	1.361492241	1.208093012	1.87222523	1.872794201
2.162E+01	1.362185674	1.209323933	1.87224138	1.872794201
2.164E+01	1.362878754	1.210554854	1.872259093	1.872794201
2.166E+01	1.363571482	1.211785775	1.872264568	1.872794201
2.168E+01	1.364263858	1.213016696	1.872263406	1.872794201
2.170E+01	1.364955882	1.214247617	1.872250497	1.872794201
2.173E+01	1.365647557	1.215478538	1.872242759	1.872794201
2.175E+01	1.366338881	1.216709459	1.87221678	1.872794201
2.177E+01	1.367029855	1.21794038	1.872209239	1.872794201
2.179E+01	1.367720481	1.219171302	1.87220374	1.872794201
2.181E+01	1.368410757	1.220402223	1.872195957	1.872794201
2.184E+01	1.369100686	1.221633144	1.872201499	1.872794201
2.186E+01	1.369790267	1.222864065	1.872208585	1.872794201
2.188E+01	1.370479501	1.224094986	1.872229138	1.872794201
2.190E+01	1.371168389	1.225325907	1.872242332	1.872794201
2.192E+01	1.371856931	1.226556828	1.872254846	1.872794201
2.195E+01	1.372545128	1.227787749	1.872271272	1.872794201
2.197E+01	1.373232979	1.22901867	1.872286413	1.872794201
2.199E+01	1.373920486	1.230249591	1.872286129	1.872794201
2.201E+01	1.37460765	1.231480512	1.872303223	1.872794201
2.203E+01	1.37529447	1.232711433	1.872311704	1.872794201
2.206E+01	1.375980947	1.233942354	1.872306764	1.872794201
2.208E+01	1.376667082	1.235173275	1.872313702	1.872794201
2.210E+01	1.377352875	1.236404197	1.872319174	1.872794201
2.212E+01	1.378038326	1.237635118	1.872329285	1.872794201
2.214E+01	1.378723437	1.238866039	1.872316148	1.872794201
2.217E+01	1.379408208	1.24009696	1.872319803	1.872794201
2.219E+01	1.380092639	1.241327881	1.872322081	1.872794201
2.221E+01	1.380776731	1.242558802	1.872320873	1.872794201
2.223E+01	1.381460484	1.243789723	1.872319676	1.872794201
2.225E+01	1.382143899	1.245020644	1.872332655	1.872794201
2.228E+01	1.382826976	1.246251565	1.872349325	1.872794201
2.230E+01	1.383509715	1.247482486	1.872351467	1.872794201
2.232E+01	1.384192118	1.248713407	1.872353127	1.872794201
2.234E+01	1.384874185	1.249944328	1.872375114	1.872794201
2.236E+01	1.385555916	1.25117525	1.872384639	1.872794201
2.239E+01	1.386237311	1.252406171	1.872397333	1.872794201
2.241E+01	1.386918372	1.253637092	1.872414425	1.872794201
2.243E+01	1.387599099	1.254868013	1.872435039	1.872794201
2.245E+01	1.388279491	1.256098934	1.872454189	1.872794201
2.247E+01	1.388959551	1.257329855	1.872473699	1.872794201
2.250E+01	1.389639278	1.258560776	1.872491749	1.872794201
2.252E+01	1.390318672	1.259791697	1.872511937	1.872794201
2.254E+01	1.390997734	1.261022618	1.872537374	1.872794201
2.256E+01	1.391676466	1.262253539	1.872550578	1.872794201
2.258E+01	1.392354866	1.26348446	1.87256421	1.872794201
2.261E+01	1.393032936	1.264715381	1.872557216	1.872794201
2.263E+01	1.393710676	1.265946302	1.872563473	1.872794201
2.265E+01	1.394388087	1.267177223	1.872530755	1.872794201
2.267E+01	1.395065168	1.268408144	1.87247389	1.872794201
2.269E+01	1.395741922	1.269639065	1.872424941	1.872794201
2.272E+01	1.396418347	1.270869987	1.872395011	1.872794201
2.274E+01	1.397094445	1.272100908	1.872372516	1.872794201
2.276E+01	1.397770216	1.273331829	1.872359401	1.872794201
2.278E+01	1.39844566	1.27456275	1.872371647	1.872794201
2.280E+01	1.399120778	1.275793671	1.872408825	1.872794201
2.283E+01	1.39979557	1.277024592	1.872435778	1.872794201
2.285E+01	1.400470038	1.278255513	1.872448779	1.872794201
2.287E+01	1.40114418	1.279486434	1.872490009	1.872794201
2.289E+01	1.401817999	1.280717355	1.872504598	1.872794201
2.291E+01	1.402491494	1.281948276	1.872527617	1.872794201
2.294E+01	1.403164665	1.283179197	1.872546595	1.872794201
2.296E+01	1.403837514	1.284410118	1.872574685	1.872794201
2.298E+01	1.40451004	1.285641039	1.872582565	1.872794201
2.300E+01	1.405182245	1.28687196	1.872605395	1.872794201
2.302E+01	1.405854128	1.288102881	1.87260849	1.872794201
2.305E+01	1.40652569	1.289333802	1.872631777	1.872794201
2.307E+01	1.407196932	1.290564723	1.872642186	1.872794201
2.309E+01	1.407867853	1.291795644	1.872644846	1.872794201
2.311E+01	1.408538455	1.293026565	1.872655661	1.872794201
2.313E+01	1.409208738	1.294257486	1.872637401	1.872794201
2.316E+01	1.409878703	1.295488408	1.872625751	1.872794201
2.318E+01	1.410548349	1.296719329	1.872614126	1.872794201
2.320E+01	1.411217677	1.29795025	1.872606203	1.872794201
2.322E+01	1.411886688	1.299181171	1.872603485	1.872794201
2.324E+01	1.412555382	1.300412092	1.87261041	1.872794201
2.327E+01	1.41322376	1.301643013	1.872644418	1.872794201
2.329E+01	1.413891821	1.302873934	1.872660519	1.872794201
2.331E+01	1.414559568	1.304104855	1.872676631	1.872794201
2.333E+01	1.415226999	1.305335776	1.872693986	1.872794201
2.335E+01	1.415894115	1.306566697	1.872708815	1.872794201
2.338E+01	1.416560918	1.307797618	1.872724741	1.872794201
2.340E+01	1.417227406	1.309028539	1.872752239	1.872794201
2.342E+01	1.417893582	1.31025946	1.872785294	1.872794201
2.344E+01	1.418559444	1.311490381	1.872801377	1.872794201
2.346E+01	1.419224994	1.312721303	1.872826632	1.872794201
2.349E+01	1.419890232	1.313952224	1.872842983	1.872794201
2.351E+01	1.420555159	1.315183145	1.872863141	1.872794201
2.353E+01	1.421219775	1.316414066	1.872869007	1.872794201
2.355E+01	1.421884079	1.317644987	1.872888701	1.872794201
2.357E+01	1.422548074	1.318875908	1.872882301	1.872794201
2.360E+01	1.423211759	1.320106829	1.872869413	1.872794201
2.362E+01	1.423875135	1.32133775	1.872865888	1.872794201
2.364E+01	1.424538201	1.322568671	1.872865066	1.872794201
2.366E+01	1.42520096	1.323799592	1.872857724	1.872794201
2.368E+01	1.42586341	1.325030513	1.872853576	1.872794201
2.371E+01	1.426525552	1.326261434	1.872889596	1.872794201
2.373E+01	1.427187387	1.327492356	1.872894908	1.872794201
2.375E+01	1.427848916	1.328723277	1.87290644	1.872794201
2.377E+01	1.428510138	1.329954198	1.872938161	1.872794201
2.379E+01	1.429171054	1.331185119	1.872959868	1.872794201
2.382E+01	1.429831665	1.33241604	1.872968801	1.872794201
2.384E+01	1.43049197	1.333646961	1.872970213	1.872794201
2.386E+01	1.431151971	1.334877882	1.872977633	1.872794201
2.388E+01	1.431811668	1.336108803	1.872978721	1.872794201
2.390E+01	1.432471061	1.337339724	1.872971996	1.872794201
2.393E+01	1.43313015	1.338570645	1.87296653	1.872794201
2.395E+01	1.433788937	1.339801566	1.872973562	1.872794201
2.397E+01	1.434447421	1.341032487	1.872965633	1.872794201
2.399E+01	1.435105603	1.342263408	1.872960345	1.872794201
2.401E+01	1.435763483	1.343494329	1.872984456	1.872794201
2.404E+01	1.436421062	1.34472525	1.872963272	1.872794201
2.406E+01	1.43707834	1.345956171	1.872973531	1.872794201
2.408E+01	1.437735317	1.347187093	1.872974106	1.872794201
2.410E+01	1.438391995	1.348418014	1.872974682	1.872794201
2.412E+01	1.439048373	1.349648935	1.872988478	1.872794201
2.415E+01	1.439704451	1.350879856	1.872993087	1.872794201
2.417E+01	1.440360231	1.352110777	1.872968749	1.872794201
2.419E+01	1.441015712	1.353341698	1.872997103	1.872794201
2.421E+01	1.441670895	1.354572619	1.873032188	1.872794201
2.423E+01	1.442325781	1.35580354	1.873015667	1.872794201
2.426E+01	1.442980369	1.357034461	1.873036035	1.872794201
2.428E+01	1.44363466	1.358265382	1.873042453	1.872794201
2.430E+01	1.444288656	1.359496303	1.873048308	1.872794201
2.432E+01	1.444942355	1.360727224	1.873047399	1.872794201
2.434E+01	1.445595758	1.361958145	1.873048394	1.872794201
2.437E+01	1.446248866	1.363189066	1.873039053	1.872794201
2.439E+01	1.44690168	1.364419987	1.873083226	1.872794201
2.441E+01	1.447554199	1.365650908	1.873082055	1.872794201
2.443E+01	1.448206424	1.366881829	1.873085487	1.872794201
2.445E+01	1.448858356	1.36811275	1.873102169	1.872794201
2.448E+01	1.449509994	1.369343671	1.873123259	1.872794201
2.450E+01	1.450161339	1.370574592	1.873110304	1.872794201
2.452E+01	1.450812392	1.371805513	1.873145242	1.872794201
2.454E+01	1.451463154	1.373036435	1.873137953	1.872794201
2.456E+01	1.452113623	1.374267356	1.873117316	1.872794201
2.459E+01	1.452763801	1.375498277	1.873103637	1.872794201
2.461E+01	1.453413688	1.376729198	1.873110634	1.872794201
2.463E+01	1.454063285	1.377960119	1.873096925	1.872794201
2.465E+01	1.454712592	1.37919104	1.873100849	1.872794201
2.467E+01	1.455361609	1.380421961	1.873093882	1.872794201
2.470E+01	1.456010337	1.381652882	1.873106414	1.872794201
2.472E+01	1.456658776	1.382883803	1.873095487	1.872794201
2.474E+01	1.457306926	1.384114724	1.873113725	1.872794201
2.476E+01	1.457954788	1.385345645	1.873082669	1.872794201
2.478E+01	1.458602362	1.386576566	1.87313635	1.872794201
2.481E+01	1.45924965	1.387807487	1.873150019	1.872794201
2.483E+01	1.45989665	1.389038408	1.873141994	1.872794201
2.485E+01	1.460543363	1.39026933	1.873176684	1.872794201
2.487E+01	1.46118979	1.391500251	1.873159804	1.872794201
2.489E+01	1.461835931	1.392731172	1.873219725	1.872794201
2.492E+01	1.462481787	1.393962093	1.87323566	1.872794201
2.494E+01	1.463127358	1.395193014	1.873253046	1.872794201
2.496E+01	1.463772644	1.396423935	1.873269644	1.872794201
2.498E+01	1.464417646	1.397654856	1.873296646	1.872794201
2.500E+01	1.465062364	1.398885777	1.873305384	1.872794201
2.503E+01	1.465706798	1.400116698	1.873290635	1.872794201
2.505E+01	1.466350949	1.401347619	1.873275914	1.872794201
2.507E+01	1.466994817	1.40257854	1.87328165	1.872794201
2.509E+01	1.467638403	1.403809461	1.873263747	1.872794201
2.511E+01	1.468281706	1.405040383	1.873252199	1.872794201
2.514E+01	1.468924728	1.406271304	1.873257899	1.872794201
2.516E+01	1.469567468	1.407502225	1.873236498	1.872794201
2.518E+01	1.470209928	1.408733146	1.873261409	1.872794201
2.520E+01	1.470852107	1.409964067	1.873236468	1.872794201
2.522E+01	1.471494005	1.411194988	1.873239789	1.872794201
2.525E+01	1.472135624	1.412425909	1.873255406	1.872794201
2.527E+01	1.472776963	1.41365683	1.87330243	1.872794201
2.529E+01	1.473418023	1.414887751	1.873329575	1.872794201
2.531E+01	1.474058804	1.416118672	1.873346772	1.872794201
2.533E+01	1.474699307	1.417349593	1.873329205	1.872794201
2.536E+01	1.475339532	1.418580514	1.873344277	1.872794201
2.538E+01	1.475979479	1.419811435	1.873383112	1.872794201
2.540E+01	1.476619148	1.421042356	1.873387571	1.872794201
2.542E+01	1.477258541	1.422273277	1.873359809	1.872794201
2.544E+01	1.477897657	1.423504198	1.873395571	1.872794201
2.547E+01	1.478536497	1.42473512	1.873329503	1.872794201
2.549E+01	1.479175061	1.425966041	1.873387159	1.872794201
2.551E+01	1.479813349	1.427196962	1.873408791	1.872794201
2.553E+01	1.480451363	1.428427883	1.873386216	1.872794201
2.555E+01	1.481089101	1.429658804	1.873389719	1.872794201
2.558E+01	1.481726565	1.430889725	1.873405334	1.872794201
2.560E+01	1.482363754	1.432120646	1.873428976	1.872794201
2.562E+01	1.48300067	1.433351567	1.873397074	1.872794201
2.564E+01	1.483637313	1.434582488	1.873424823	1.872794201
2.566E+01	1.484273682	1.435813409	1.873391868	1.872794201
2.569E+01	1.484909779	1.43704433	1.873457577	1.872794201
2.571E+01	1.485545603	1.438275251	1.873484883	1.872794201
2.573E+01	1.486181155	1.439506172	1.873491779	1.872794201
2.575E+01	1.486816436	1.440737093	1.873498228	1.872794201
2.577E+01	1.487451445	1.441968014	1.873516807	1.872794201
2.580E+01	1.488086184	1.443198935	1.873504054	1.872794201
2.582E+01	1.488720651	1.444429856	1.873515396	1.872794201
2.584E+01	1.489354849	1.445660777	1.873498409	1.872794201
2.586E+01	1.489988776	1.446891698	1.873535994	1.872794201
2.588E+01	1.490622434	1.448122619	1.873558212	1.872794201
2.591E+01	1.491255823	1.449353541	1.873540513	1.872794201
2.593E+01	1.491888943	1.450584462	1.873534754	1.872794201
2.595E+01	1.492521794	1.451815383	1.873559056	1.872794201
2.597E+01	1.493154377	1.453046304	1.873557495	1.872794201
2.599E+01	1.493786692	1.454277225	1.873555939	1.872794201
2.602E+01	1.494418739	1.455508146	1.873517295	1.872794201
2.604E+01	1.49505052	1.456739067	1.873574138	1.872794201
2.606E+01	1.495682033	1.457969988	1.873542443	1.872794201
2.608E+01	1.49631328	1.459200909	1.873574917	1.872794201
2.610E+01	1.496944261	1.46043183	1.873604799	1.872794201
2.613E+01	1.497574975	1.461662751	1.873641501	1.872794201
2.615E+01	1.498205425	1.462893672	1.873624632	1.872794201
2.617E+01	1.498835609	1.464124593	1.873612707	1.872794201
2.619E+01	1.499465528	1.465355514	1.873664804	1.872794201
2.621E+01	1.500095183	1.466586435	1.873656976	1.872794201
2.624E+01	1.500724574	1.467817357	1.873658594	1.872794201
2.626E+01	1.5013537	1.469048278	1.873717675	1.872794201
2.628E+01	1.501982564	1.470279199	1.873719167	1.872794201
2.630E+01	1.502611164	1.47151012	1.873729753	1.872794201
2.632E+01	1.503239501	1.472741041	1.873758093	1.872794201
2.635E+01	1.503867575	1.473971962	1.873777949	1.872794201
2.637E+01	1.504495388	1.475202883	1.873794524	1.872794201
2.639E+01	1.505122939	1.476433804	1.873813036	1.872794201
2.641E+01	1.505750228	1.477664725	1.873806872	1.872794201
2.643E+01	1.506377256	1.478895646	1.87379715	1.872794201
2.646E+01	1.507004023	1.480126567	1.873764198	1.872794201
2.648E+01	1.507630529	1.481357488	1.873739938	1.872794201
2.650E+01	1.508256775	1.48258841	1.87369337	1.872794201
2.652E+01	1.508882761	1.483819331	1.873728415	1.872794201
2.654E+01	1.509508488	1.485050252	1.873690806	1.872794201
2.657E+01	1.510133955	1.486281173	1.873701167	1.872794201
2.659E+01	1.510759164	1.487512094	1.873714984	1.872794201
2.661E+01	1.511384113	1.488743015	1.873746954	1.872794201
2.663E+01	1.512008805	1.489973936	1.873758975	1.872794201
2.665E+01	1.512633238	1.491204857	1.873797062	1.872794201
2.668E+01	1.513257414	1.492435778	1.873799445	1.872794201
2.670E+01	1.513881333	1.493666699	1.873845336	1.872794201
2.672E+01	1.514504994	1.49489762	1.873859331	1.872794201
2.674E+01	1.515128399	1.496128541	1.873861558	1.872794201
2.676E+01	1.515751547	1.497359462	1.873874562	1.872794201
2.679E+01	1.516374439	1.498590383	1.873906119	1.872794201
2.681E+01	1.516997076	1.499821304	1.873918468	1.872794201
2.683E+01	1.517619457	1.501052226	1.873925505	1.872794201
2.685E+01	1.518241583	1.502283147	1.873950613	1.872794201
2.687E+01	1.518863454	1.503514068	1.873969281	1.872794201
2.690E+01	1.519485071	1.504744989	1.873954462	1.872794201
2.692E+01	1.520106433	1.50597591	1.873950978	1.872794201
2.694E+01	1.520727542	1.507206831	1.873947497	1.872794201
2.696E+01	1.521348396	1.508437752	1.873928261	1.872794201
2.698E+01	1.521968998	1.509668673	1.873917075	1.872794201
2.701E+01	1.522589347	1.510899594	1.873915206	1.872794201
2.703E+01	1.523209443	1.512130515	1.873911645	1.872794201
2.705E+01	1.523829286	1.513361436	1.873943889	1.872794201
2.707E+01	1.524448878	1.514592357	1.873953962	1.872794201
2.709E+01	1.525068218	1.515823278	1.873952513	1.872794201
2.712E+01	1.525687307	1.517054199	1.873977317	1.872794201
2.714E+01	1.526306144	1.51828512	1.874020767	1.872794201
2.716E+01	1.526924731	1.519516041	1.874024027	1.872794201
2.718E+01	1.527543067	1.520746962	1.874023464	1.872794201
2.720E+01	1.528161153	1.521977883	1.874045714	1.872794201
2.723E+01	1.528778989	1.523208804	1.874051234	1.872794201
2.725E+01	1.529396575	1.524439725	1.874068521	1.872794201
2.727E+01	1.530013912	1.525670646	1.874064678	1.872794201
2.729E+01	1.530631001	1.526901568	1.874066997	1.872794201
2.731E+01	1.53124784	1.528132489	1.874093067	1.872794201
2.734E+01	1.531864431	1.52936341	1.874081227	1.872794201
2.736E+01	1.532480774	1.530594331	1.874104829	1.872794201
2.738E+01	1.53309687	1.531825252	1.874119604	1.872794201
2.740E+01	1.533712717	1.533056173	1.874091302	1.872794201
2.742E+01	1.534328318	1.534287094	1.874085832	1.872794201
2.745E+01	1.534943671	1.535518015	1.874078709	1.872794201
2.747E+01	1.535558779	1.536748936	1.874141053	1.872794201
2.749E+01	1.536173639	1.537979857	1.874118117	1.872794201
2.751E+01	1.536788254	1.539210778	1.874156224	1.872794201
2.754E+01	1.537402623	1.540441699	1.874125837	1.872794201
2.756E+01	1.538016747	1.54167262	1.87416182	1.872794201
2.758E+01	1.538630625	1.542903541	1.874154858	1.872794201
2.760E+01	1.539244259	1.544134462	1.874191417	1.872794201
2.762E+01	1.539857648	1.545365384	1.87419037	1.872794201
2.765E+01	1.540470793	1.546596305	1.874212365	1.872794201
2.767E+01	1.541083694	1.547827226	1.874189934	1.872794201
2.769E+01	1.541696351	1.549058147	1.874221401	1.872794201
2.771E+01	1.542308765	1.550289068	1.874222395	1.872794201
2.773E+01	1.542920936	1.551519989	1.874239623	1.872794201
2.776E+01	1.543532865	1.55275091	1.874247135	1.872794201
2.778E+01	1.54414455	1.553981831	1.87420706	1.872794201
2.780E+01	1.544755993	1.555212752	1.874299507	1.872794201
2.782E+01	1.545367195	1.556443673	1.874267994	1.872794201
2.784E+01	1.545978155	1.557674594	1.874250139	1.872794201
2.787E+01	1.546588873	1.558905515	1.874250156	1.872794201
2.789E+01	1.547199351	1.560136437	1.874250178	1.872794201
2.791E+01	1.547809587	1.561367358	1.874269243	1.872794201
2.793E+01	1.548419583	1.562598279	1.874255511	1.872794201
2.795E+01	1.549029339	1.5638292	1.874298181	1.872794201
2.798E+01	1.549638855	1.565060121	1.87432335	1.872794201
2.800E+01	1.550248131	1.566291042	1.874323512	1.872794201
2.802E+01	1.550857168	1.567521963	1.874331149	1.872794201
2.804E+01	1.551465966	1.568752884	1.874359924	1.872794201
2.806E+01	1.552074525	1.569983805	1.874361453	1.872794201
2.809E+01	1.552682846	1.571214726	1.874327287	1.872794201
2.811E+01	1.553290928	1.572445647	1.874337116	1.872794201
2.813E+01	1.553898773	1.573676568	1.874325672	1.872794201
2.815E+01	1.554506379	1.574907489	1.874340254	1.872794201
2.817E+01	1.555113749	1.57613841	1.874377136	1.872794201
2.820E+01	1.555720881	1.577369332	1.87434742	1.872794201
2.822E+01	1.556327776	1.578600253	1.874403742	1.872794201
2.824E+01	1.556934435	1.579831174	1.874390727	1.872794201
2.826E+01	1.557540858	1.581062095	1.874389474	1.872794201
2.828E+01	1.558147044	1.582293016	1.874403553	1.872794201
2.831E+01	1.558752995	1.583523937	1.874414867	1.872794201
2.833E+01	1.55935871	1.584754858	1.874456404	1.872794201
2.835E+01	1.55996419	1.585985779	1.874435453	1.872794201
2.837E+01	1.560569435	1.5872167	1.874419227	1.872794201
2.839E+01	1.561174446	1.588447621	1.874486348	1.872794201
2.842E+01	1.561779222	1.589678542	1.874460507	1.872794201
2.844E+01	1.562383764	1.590909463	1.87445501	1.872794201
2.846E+01	1.562988072	1.592140384	1.874498113	1.872794201
2.848E+01	1.563592146	1.593371305	1.874466239	1.872794201
2.850E+01	1.564195988	1.594602226	1.874477569	1.872794201
2.853E+01	1.564799596	1.595833147	1.874474756	1.872794201
2.855E+01	1.565402972	1.597064068	1.874453511	1.872794201
2.857E+01	1.566006115	1.598294989	1.874478597	1.872794201
2.859E+01	1.566609026	1.59952591	1.874494492	1.872794201
2.861E+01	1.567211705	1.600756831	1.874489221	1.872794201
2.864E+01	1.567814152	1.601987752	1.874507542	1.872794201
2.866E+01	1.568416368	1.603218674	1.874553176	1.872794201
2.868E+01	1.569018353	1.604449595	1.874557531	1.872794201
2.870E+01	1.569620107	1.605680516	1.874516427	1.872794201
2.872E+01	1.57022163	1.606911437	1.874542673	1.872794201
2.875E+01	1.570822923	1.608142358	1.874560865	1.872794201
2.877E+01	1.571423985	1.609373279	1.874583921	1.872794201
2.879E+01	1.572024818	1.6106042	1.87458677	1.872794201
2.881E+01	1.572625422	1.611835121	1.874616222	1.872794201
2.883E+01	1.573225796	1.613066042	1.87464563	1.872794201
2.886E+01	1.573825941	1.614296963	1.874627462	1.872794201
2.888E+01	1.574425858	1.615527884	1.874638577	1.872794201
2.890E+01	1.575025545	1.616758805	1.874643994	1.872794201
2.892E+01	1.575625005	1.617989726	1.874636727	1.872794201
2.894E+01	1.576224237	1.619220647	1.874652582	1.872794201
2.897E+01	1.576823241	1.620451568	1.874682851	1.872794201
2.899E+01	1.577422017	1.62168249	1.87465547	1.872794201
2.901E+01	1.578020566	1.622913411	1.874669368	1.872794201
2.903E+01	1.578618888	1.624144332	1.874715866	1.872794201
2.905E+01	1.579216984	1.625375253	1.874708206	1.872794201
2.908E+01	1.579814853	1.626606174	1.874742654	1.872794201
2.910E+01	1.580412496	1.627837095	1.874753064	1.872794201
2.912E+01	1.581009914	1.629068016	1.874794392	1.872794201
2.914E+01	1.581607105	1.630298937	1.874774661	1.872794201
2.916E+01	1.582204071	1.631529858	1.874836883	1.872794201
2.919E+01	1.582800812	1.632760779	1.874844892	1.872794201
2.921E+01	1.583397328	1.6339917	1.87486385	1.872794201
2.923E+01	1.583993619	1.635222621	1.874861057	1.872794201
2.925E+01	1.584589686	1.636453543	1.874853183	1.872794201
2.927E+01	1.585185529	1.637684464	1.874857734	1.872794201
2.930E+01	1.585781148	1.638915385	1.874839771	1.872794201
2.932E+01	1.586376543	1.640146306	1.874796401	1.872794201
2.934E+01	1.586971715	1.641377227	1.874809535	1.872794201
2.936E+01	1.587566664	1.642608148	1.874810498	1.872794201
2.938E+01	1.58816139	1.643839069	1.874802565	1.872794201
2.941E+01	1.588755893	1.64506999	1.874852441	1.872794201
2.943E+01	1.589350174	1.646300911	1.874861011	1.872794201
2.945E+01	1.589944233	1.647531832	1.874844594	1.872794201
2.947E+01	1.59053807	1.648762753	1.874925885	1.872794201
2.949E+01	1.591131685	1.649993674	1.874946881	1.872794201
2.952E+01	1.591725079	1.651224595	1.874918558	1.872794201
2.954E+01	1.592318252	1.652455516	1.874969509	1.872794201
2.956E+01	1.592911203	1.653686437	1.875005231	1.872794201
2.958E+01	1.593503935	1.654917359	1.875016844	1.872794201
2.960E+01	1.594096446	1.65614828	1.875019546	1.872794201
2.963E+01	1.594688736	1.657379201	1.875017306	1.872794201
2.965E+01	1.595280807	1.658610122	1.875004719	1.872794201
2.967E+01	1.595872658	1.659841043	1.875035717	1.872794201
2.969E+01	1.59646429	1.661071964	1.875054674	1.872794201
2.971E+01	1.597055703	1.662302885	1.875058438	1.872794201
2.974E+01	1.597646896	1.663533806	1.87505011	1.872794201
2.976E+01	1.598237871	1.664764727	1.875039131	1.872794201
2.978E+01	1.598828628	1.665995648	1.87502817	1.872794201
2.980E+01	1.599419166	1.667226569	1.875035357	1.872794201
2.982E+01	1.600009486	1.66845749	1.875074654	1.872794201
2.985E+01	1.600599589	1.669688411	1.875103788	1.872794201
2.987E+01	1.601189474	1.670919332	1.875078477	1.872794201
2.989E+01	1.601779142	1.672150253	1.87509771	1.872794201
2.991E+01	1.602368593	1.673381174	1.875112933	1.872794201
2.993E+01	1.602957827	1.674612095	1.875093518	1.872794201
2.996E+01	1.603546844	1.675843016	1.875115442	1.872794201
2.998E+01	1.604135646	1.677073937	1.875148681	1.872794201
3.000E+01	1.604724231	1.678304858	1.875211875	1.872794201
3.002E+01	1.605312601	1.679535779	1.875183118	1.872794201
3.004E+01	1.605900755	1.680766701	1.875210613	1.872794201
3.007E+01	1.606488693	1.681997622	1.87519922	1.872794201
3.009E+01	1.607076417	1.683228543	1.875240835	1.872794201
3.011E+01	1.607663925	1.684459464	1.875236522	1.872794201
3.013E+01	1.60825122	1.685690385	1.875228736	1.872794201
3.015E+01	1.608838299	1.686921306	1.875264868	1.872794201
3.018E+01	1.609425165	1.688152227	1.875258388	1.872794201
3.020E+01	1.610011816	1.689383148	1.87524922	1.872794201
3.022E+01	1.610598254	1.690614069	1.875241019	1.872794201
3.024E+01	1.611184479	1.69184499	1.875247476	1.872794201
3.026E+01	1.61177049	1.693075911	1.875275949	1.872794201
3.029E+01	1.612356288	1.694306832	1.875255335	1.872794201
3.031E+01	1.612941873	1.695537753	1.875259285	1.872794201
3.033E+01	1.613527246	1.696768674	1.87527238	1.872794201
3.035E+01	1.614112407	1.697999595	1.875284353	1.872794201
3.037E+01	1.614697356	1.699230517	1.875294675	1.872794201
3.040E+01	1.615282092	1.700461438	1.875300469	1.872794201
3.042E+01	1.615866618	1.701692359	1.875302687	1.872794201
3.044E+01	1.616450931	1.70292328	1.875334641	1.872794201
3.046E+01	1.617035034	1.704154201	1.875357199	1.872794201
3.048E+01	1.617618926	1.705385122	1.875375663	1.872794201
3.051E+01	1.618202607	1.706616043	1.875383469	1.872794201
3.053E+01	1.618786078	1.707846964	1.875401162	1.872794201
3.055E+01	1.619369338	1.709077885	1.875411454	1.872794201
3.057E+01	1.619952388	1.710308806	1.875400956	1.872794201
3.059E+01	1.620535229	1.711539727	1.875392692	1.872794201
3.062E+01	1.62111786	1.712770648	1.875447531	1.872794201
3.064E+01	1.621700282	1.71400157	1.875422827	1.872794201
3.066E+01	1.622282494	1.715232491	1.875470458	1.872794201
3.068E+01	1.622864498	1.716463412	1.875429786	1.872794201
3.070E+01	1.623446293	1.717694333	1.875479961	1.872794201
3.073E+01	1.62402788	1.718925254	1.875530065	1.872794201
3.075E+01	1.624609259	1.720156175	1.875525473	1.872794201
3.077E+01	1.625190429	1.721387096	1.875546561	1.872794201
3.079E+01	1.625771392	1.722618017	1.875593171	1.872794201
